40.88	0	0	0	0	0	0	
40.88	0	0	0	0	0	0	
40.89	-2.70663e-06	3.25983e-06	-1.93365e-06	-2.41e-07	2.85558e-06	-1.52552e-05	
40.89	-2.70663e-06	3.25983e-06	-1.93365e-06	-2.41e-07	2.85558e-06	-1.52552e-05	
40.9	-0.000192792	7.91954e-05	0.000272861	5.72111e-05	-0.000364882	-0.000697089	
40.9	-0.000192792	7.91954e-05	0.000272861	5.72111e-05	-0.000364882	-0.000697089	
40.91	-0.000208409	0.000104555	0.000319485	5.92953e-05	-0.000420701	-0.000740361	
40.91	-0.000208409	0.000104555	0.000319485	5.92953e-05	-0.000420701	-0.000740361	
40.92	-0.000213329	0.000120572	0.00034674	3.15135e-05	-0.000258569	-0.000465395	
40.92	-0.000213329	0.000120572	0.00034674	3.15135e-05	-0.000258569	-0.000465395	
40.93	-0.000218313	0.000133404	0.000381154	2.79261e-05	-0.000271483	-0.000514843	
40.93	-0.000218313	0.000133404	0.000381154	2.79261e-05	-0.000271483	-0.000514843	
40.94	-0.000224353	0.000145984	0.000418542	3.99654e-05	-0.000398867	-0.000724526	
40.94	-0.000224353	0.000145984	0.000418542	3.99654e-05	-0.000398867	-0.000724526	
40.95	-0.000230414	0.00015996	0.000452956	4.09424e-05	-0.000431349	-0.000768117	
40.95	-0.000230414	0.00015996	0.000452956	4.09424e-05	-0.000431349	-0.000768117	
40.96	-0.000236192	0.000174398	0.000485349	3.41926e-05	-0.000402079	-0.000730104	
40.96	-0.000236192	0.000174398	0.000485349	3.41926e-05	-0.000402079	-0.000730104	
40.97	-0.000241383	0.000188456	0.000516001	3.23743e-05	-0.000417649	-0.000775807	
40.97	-0.000241383	0.000188456	0.000516001	3.23743e-05	-0.000417649	-0.000775807	
40.98	-0.000245944	0.00020256	0.000543386	3.4856e-05	-0.000457073	-0.000861686	
40.98	-0.000245944	0.00020256	0.000543386	3.4856e-05	-0.000457073	-0.000861686	
40.99	-0.000249335	0.000217315	0.000566145	3.52789e-05	-0.000465029	-0.000903898	
40.99	-0.000249335	0.000217315	0.000566145	3.52789e-05	-0.000465029	-0.000903898	
41	-0.000251615	0.000231462	0.000585677	3.33731e-05	-0.000454872	-0.000926609	
41	-0.000251615	0.000231462	0.000585677	3.33731e-05	-0.000454872	-0.000926609	
41.01	-0.000252852	0.00024475	0.000602516	3.29684e-05	-0.00045593	-0.000972589	
41.01	-0.000252852	0.00024475	0.000602516	3.29684e-05	-0.00045593	-0.000972589	
41.02	-0.000253041	0.000257837	0.000616672	3.35368e-05	-0.000461288	-0.00102762	
41.02	-0.000253041	0.000257837	0.000616672	3.35368e-05	-0.000461288	-0.00102762	
41.03	-0.00025227	0.000270216	0.000628101	3.33045e-05	-0.000455924	-0.00107224	
41.03	-0.00025227	0.000270216	0.000628101	3.33045e-05	-0.000455924	-0.00107224	
41.04	-0.000250685	0.000282156	0.00063735	3.28475e-05	-0.00044413	-0.00111225	
41.04	-0.000250685	0.000282156	0.00063735	3.28475e-05	-0.00044413	-0.00111225	
41.05	-0.000248238	0.000293351	0.000644581	3.28314e-05	-0.000434729	-0.00115847	
41.05	-0.000248238	0.000293351	0.000644581	3.28314e-05	-0.000434729	-0.00115847	
41.06	-0.000245155	0.000304135	0.000650005	3.28084e-05	-0.000425097	-0.00120719	
41.06	-0.000245155	0.000304135	0.000650005	3.28084e-05	-0.000425097	-0.00120719	
41.07	-0.00024149	0.000314575	0.000653674	3.282e-05	-0.000410943	-0.00125298	
41.07	-0.00024149	0.000314575	0.000653674	3.282e-05	-0.000410943	-0.00125298	
41.08	-0.000237481	0.000324489	0.000656206	3.30436e-05	-0.00039465	-0.00129835	
41.08	-0.000237481	0.000324489	0.000656206	3.30436e-05	-0.00039465	-0.00129835	
41.09	-0.000233236	0.000334292	0.000658259	3.26607e-05	-0.000379797	-0.00134431	
41.09	-0.000233236	0.000334292	0.000658259	3.26607e-05	-0.000379797	-0.00134431	
41.1	-0.000228834	0.000343556	0.0006598	3.29468e-05	-0.000365189	-0.0013912	
41.1	-0.000228834	0.000343556	0.0006598	3.29468e-05	-0.000365189	-0.0013912	
41.11	-0.000224339	0.000352691	0.000661284	3.3185e-05	-0.000349874	-0.00143767	
41.11	-0.000224339	0.000352691	0.000661284	3.3185e-05	-0.000349874	-0.00143767	
41.12	-0.000220006	0.00036173	0.000663264	3.31126e-05	-0.000335521	-0.0014831	
41.12	-0.000220006	0.00036173	0.000663264	3.31126e-05	-0.000335521	-0.0014831	
41.13	-0.000215826	0.000370684	0.00066584	3.28476e-05	-0.000322846	-0.00152829	
41.13	-0.000215826	0.000370684	0.00066584	3.28476e-05	-0.000322846	-0.00152829	
41.14	-0.000212037	0.000379415	0.000669489	3.29633e-05	-0.000311609	-0.00157427	
41.14	-0.000212037	0.000379415	0.000669489	3.29633e-05	-0.000311609	-0.00157427	
41.15	-0.000208662	0.000388145	0.000674591	3.32244e-05	-0.000302525	-0.00161972	
41.15	-0.000208662	0.000388145	0.000674591	3.32244e-05	-0.000302525	-0.00161972	
41.16	-0.000205818	0.00039712	0.000680833	3.31229e-05	-0.000294643	-0.00166375	
41.16	-0.000205818	0.00039712	0.000680833	3.31229e-05	-0.000294643	-0.00166375	
41.17	-0.000203364	0.000406383	0.000688484	3.2793e-05	-0.000288916	-0.00170717	
41.17	-0.000203364	0.000406383	0.000688484	3.2793e-05	-0.000288916	-0.00170717	
41.18	-0.000201588	0.000415748	0.00069749	3.25558e-05	-0.000284866	-0.00175079	
41.18	-0.000201588	0.000415748	0.00069749	3.25558e-05	-0.000284866	-0.00175079	
41.19	-0.000200343	0.000425372	0.000708211	3.26836e-05	-0.000283448	-0.00179349	
41.19	-0.000200343	0.000425372	0.000708211	3.26836e-05	-0.000283448	-0.00179349	
41.2	-0.000199702	0.000435326	0.000720291	3.26413e-05	-0.000283468	-0.00183537	
41.2	-0.000199702	0.000435326	0.000720291	3.26413e-05	-0.000283468	-0.00183537	
41.21	-0.000199604	0.000445637	0.000733774	3.18878e-05	-0.000285171	-0.00187626	
41.21	-0.000199604	0.000445637	0.000733774	3.18878e-05	-0.000285171	-0.00187626	
41.22	-0.000200089	0.000456019	0.000748449	3.14175e-05	-0.000288073	-0.00191699	
41.22	-0.000200089	0.000456019	0.000748449	3.14175e-05	-0.000288073	-0.00191699	
41.23	-0.000200982	0.000466754	0.000764382	3.13245e-05	-0.000292893	-0.00195714	
41.23	-0.000200982	0.000466754	0.000764382	3.13245e-05	-0.000292893	-0.00195714	
41.24	-0.000202293	0.000477502	0.000781519	3.10193e-05	-0.000299629	-0.00199683	
41.24	-0.000202293	0.000477502	0.000781519	3.10193e-05	-0.000299629	-0.00199683	
41.25	-0.000203913	0.000488314	0.00079917	3.02685e-05	-0.000306142	-0.00203658	
41.25	-0.000203913	0.000488314	0.00079917	3.02685e-05	-0.000306142	-0.00203658	
41.26	-0.000205707	0.000499448	0.000817547	2.9986e-05	-0.000313614	-0.00207509	
41.26	-0.000205707	0.000499448	0.000817547	2.9986e-05	-0.000313614	-0.00207509	
41.27	-0.000207569	0.000510306	0.000836196	2.94189e-05	-0.000321818	-0.00211359	
41.27	-0.000207569	0.000510306	0.000836196	2.94189e-05	-0.000321818	-0.00211359	
41.28	-0.000209384	0.000521169	0.00085476	2.90427e-05	-0.000329313	-0.00215246	
41.28	-0.000209384	0.000521169	0.00085476	2.90427e-05	-0.000329313	-0.00215246	
41.29	-0.000211018	0.000532069	0.0008729	2.82851e-05	-0.000336112	-0.0021903	
41.29	-0.000211018	0.000532069	0.0008729	2.82851e-05	-0.000336112	-0.0021903	
41.3	-0.000212323	0.00054283	0.00089042	2.76887e-05	-0.000342202	-0.00222819	
41.3	-0.000212323	0.00054283	0.00089042	2.76887e-05	-0.000342202	-0.00222819	
41.31	-0.000213261	0.000553446	0.000906649	2.73311e-05	-0.000346162	-0.00226643	
41.31	-0.000213261	0.000553446	0.000906649	2.73311e-05	-0.000346162	-0.00226643	
41.32	-0.000213834	0.000563779	0.000921872	2.70984e-05	-0.000348698	-0.00230442	
41.32	-0.000213834	0.000563779	0.000921872	2.70984e-05	-0.000348698	-0.00230442	
41.33	-0.000213717	0.00057411	0.000935673	2.65586e-05	-0.000350303	-0.00234196	
41.33	-0.000213717	0.00057411	0.000935673	2.65586e-05	-0.000350303	-0.00234196	
41.34	-0.000213151	0.000584123	0.000947931	2.58518e-05	-0.000349295	-0.00237966	
41.34	-0.000213151	0.000584123	0.000947931	2.58518e-05	-0.000349295	-0.00237966	
41.35	-0.000211983	0.000593823	0.000958465	2.54734e-05	-0.000345683	-0.00241756	
41.35	-0.000211983	0.000593823	0.000958465	2.54734e-05	-0.000345683	-0.00241756	
41.36	-0.000210237	0.00060337	0.000967532	2.53712e-05	-0.000340644	-0.00245532	
41.36	-0.000210237	0.00060337	0.000967532	2.53712e-05	-0.000340644	-0.00245532	
41.37	-0.000207907	0.000612858	0.00097512	2.48181e-05	-0.000334443	-0.00249249	
41.37	-0.000207907	0.000612858	0.00097512	2.48181e-05	-0.000334443	-0.00249249	
41.38	-0.000205088	0.000622156	0.000981178	2.42526e-05	-0.000326343	-0.00253016	
41.38	-0.000205088	0.000622156	0.000981178	2.42526e-05	-0.000326343	-0.00253016	
41.39	-0.000201829	0.000630967	0.00098596	2.41262e-05	-0.000315879	-0.00256813	
41.39	-0.000201829	0.000630967	0.00098596	2.41262e-05	-0.000315879	-0.00256813	
41.4	-0.000198221	0.000639881	0.000989966	2.41892e-05	-0.00030542	-0.00260511	
41.4	-0.000198221	0.000639881	0.000989966	2.41892e-05	-0.00030542	-0.00260511	
41.41	-0.000194336	0.000648395	0.000993116	2.36965e-05	-0.000294522	-0.00264278	
41.41	-0.000194336	0.000648395	0.000993116	2.36965e-05	-0.000294522	-0.00264278	
41.42	-0.000190263	0.000656864	0.000995791	2.33464e-05	-0.000283152	-0.00268011	
41.42	-0.000190263	0.000656864	0.000995791	2.33464e-05	-0.000283152	-0.00268011	
41.43	-0.000186074	0.000665148	0.000998114	2.28575e-05	-0.000271103	-0.00271686	
41.43	-0.000186074	0.000665148	0.000998114	2.28575e-05	-0.000271103	-0.00271686	
41.44	-0.000181914	0.00067353	0.00100053	2.27036e-05	-0.000259532	-0.00275345	
41.44	-0.000181914	0.00067353	0.00100053	2.27036e-05	-0.000259532	-0.00275345	
41.45	-0.000177898	0.000681517	0.00100322	2.28771e-05	-0.000248708	-0.00279059	
41.45	-0.000177898	0.000681517	0.00100322	2.28771e-05	-0.000248708	-0.00279059	
41.46	-0.000173945	0.00068966	0.00100645	2.23922e-05	-0.000239333	-0.002827	
41.46	-0.000173945	0.00068966	0.00100645	2.23922e-05	-0.000239333	-0.002827	
41.47	-0.00017026	0.000697545	0.00101017	2.17057e-05	-0.000230243	-0.00286292	
41.47	-0.00017026	0.000697545	0.00101017	2.17057e-05	-0.000230243	-0.00286292	
41.48	-0.000166817	0.000705705	0.00101481	2.19784e-05	-0.000222095	-0.00289855	
41.48	-0.000166817	0.000705705	0.00101481	2.19784e-05	-0.000222095	-0.00289855	
41.49	-0.000163636	0.000713323	0.00102033	2.1599e-05	-0.000216391	-0.00293479	
41.49	-0.000163636	0.000713323	0.00102033	2.1599e-05	-0.000216391	-0.00293479	
41.5	-0.000160849	0.00072129	0.0010265	2.13831e-05	-0.000210689	-0.00297043	
41.5	-0.000160849	0.00072129	0.0010265	2.13831e-05	-0.000210689	-0.00297043	
41.51	-0.000158369	0.000729078	0.00103385	2.11827e-05	-0.000206471	-0.00300517	
41.51	-0.000158369	0.000729078	0.00103385	2.11827e-05	-0.000206471	-0.00300517	
41.52	-0.000156193	0.000737061	0.00104199	2.08985e-05	-0.00020393	-0.00303971	
41.52	-0.000156193	0.000737061	0.00104199	2.08985e-05	-0.00020393	-0.00303971	
41.53	-0.0001544	0.00074503	0.00105105	2.08322e-05	-0.000202157	-0.00307423	
41.53	-0.0001544	0.00074503	0.00105105	2.08322e-05	-0.000202157	-0.00307423	
41.54	-0.000152806	0.000753067	0.00106081	2.06264e-05	-0.000201109	-0.00310802	
41.54	-0.000152806	0.000753067	0.00106081	2.06264e-05	-0.000201109	-0.00310802	
41.55	-0.000151409	0.000760833	0.00107119	2.04177e-05	-0.00020108	-0.00314216	
41.55	-0.000151409	0.000760833	0.00107119	2.04177e-05	-0.00020108	-0.00314216	
41.56	-0.000150296	0.000768814	0.0010822	2.02567e-05	-0.000202008	-0.00317574	
41.56	-0.000150296	0.000768814	0.0010822	2.02567e-05	-0.000202008	-0.00317574	
41.57	-0.000149224	0.000776693	0.00109359	2.00633e-05	-0.000203249	-0.00320889	
41.57	-0.000149224	0.000776693	0.00109359	2.00633e-05	-0.000203249	-0.00320889	
41.58	-0.000148269	0.000784519	0.00110495	1.98569e-05	-0.000204017	-0.00324211	
41.58	-0.000148269	0.000784519	0.00110495	1.98569e-05	-0.000204017	-0.00324211	
41.59	-0.000147248	0.000792406	0.00111629	1.9585e-05	-0.000204391	-0.00327457	
41.59	-0.000147248	0.000792406	0.00111629	1.9585e-05	-0.000204391	-0.00327457	
41.6	-0.000146227	0.000800534	0.00112775	1.95319e-05	-0.000206194	-0.00330609	
41.6	-0.000146227	0.000800534	0.00112775	1.95319e-05	-0.000206194	-0.00330609	
41.61	-0.00014514	0.000808205	0.00113857	1.93973e-05	-0.00020618	-0.0033389	
41.61	-0.00014514	0.000808205	0.00113857	1.93973e-05	-0.00020618	-0.0033389	
41.62	-0.000143942	0.000816074	0.00114948	1.89322e-05	-0.00020618	-0.00337118	
41.62	-0.000143942	0.000816074	0.00114948	1.89322e-05	-0.00020618	-0.00337118	
41.63	-0.000142591	0.000823859	0.0011595	1.90932e-05	-0.000205066	-0.00340252	
41.63	-0.000142591	0.000823859	0.0011595	1.90932e-05	-0.000205066	-0.00340252	
41.64	-0.000141014	0.000831469	0.00116909	1.91393e-05	-0.000203721	-0.00343373	
41.64	-0.000141014	0.000831469	0.00116909	1.91393e-05	-0.000203721	-0.00343373	
41.65	-0.000139235	0.000839195	0.00117807	1.88461e-05	-0.00020154	-0.00346533	
41.65	-0.000139235	0.000839195	0.00117807	1.88461e-05	-0.00020154	-0.00346533	
41.66	-0.000137283	0.000846904	0.00118656	1.86074e-05	-0.000198884	-0.00349603	
41.66	-0.000137283	0.000846904	0.00118656	1.86074e-05	-0.000198884	-0.00349603	
41.67	-0.000135123	0.0008544	0.00119435	1.8529e-05	-0.00019491	-0.00352702	
41.67	-0.000135123	0.0008544	0.00119435	1.8529e-05	-0.00019491	-0.00352702	
41.68	-0.000132729	0.000862035	0.00120143	1.86677e-05	-0.000190453	-0.00355752	
41.68	-0.000132729	0.000862035	0.00120143	1.86677e-05	-0.000190453	-0.00355752	
41.69	-0.000130119	0.000869274	0.00120819	1.80973e-05	-0.000185913	-0.00358797	
41.69	-0.000130119	0.000869274	0.00120819	1.80973e-05	-0.000185913	-0.00358797	
41.7	-0.000127391	0.000876546	0.00121424	1.78758e-05	-0.000180169	-0.00361833	
41.7	-0.000127391	0.000876546	0.00121424	1.78758e-05	-0.000180169	-0.00361833	
41.71	-0.000124443	0.000883778	0.00121991	1.79097e-05	-0.000174082	-0.00364832	
41.71	-0.000124443	0.000883778	0.00121991	1.79097e-05	-0.000174082	-0.00364832	
41.72	-0.000121475	0.00089115	0.0012251	1.77513e-05	-0.000167525	-0.00367791	
41.72	-0.000121475	0.00089115	0.0012251	1.77513e-05	-0.000167525	-0.00367791	
41.73	-0.000118383	0.000898174	0.00123018	1.7211e-05	-0.000161379	-0.00370773	
41.73	-0.000118383	0.000898174	0.00123018	1.7211e-05	-0.000161379	-0.00370773	
41.74	-0.000115288	0.000905273	0.00123512	1.7138e-05	-0.000154975	-0.00373733	
41.74	-0.000115288	0.000905273	0.00123512	1.7138e-05	-0.000154975	-0.00373733	
41.75	-0.000112134	0.000912348	0.0012399	1.7134e-05	-0.000148023	-0.00376634	
41.75	-0.000112134	0.000912348	0.0012399	1.7134e-05	-0.000148023	-0.00376634	
41.76	-0.000108976	0.000919472	0.00124481	1.70885e-05	-0.000141787	-0.00379506	
41.76	-0.000108976	0.000919472	0.00124481	1.70885e-05	-0.000141787	-0.00379506	
41.77	-0.000105873	0.000926267	0.00124978	1.65031e-05	-0.000136238	-0.00382355	
41.77	-0.000105873	0.000926267	0.00124978	1.65031e-05	-0.000136238	-0.00382355	
41.78	-0.000102854	0.000933172	0.00125491	1.64653e-05	-0.000130424	-0.00385241	
41.78	-0.000102854	0.000933172	0.00125491	1.64653e-05	-0.000130424	-0.00385241	
41.79	-9.98637e-05	0.000940063	0.00126018	1.6387e-05	-0.000124816	-0.00388046	
41.79	-9.98637e-05	0.000940063	0.00126018	1.6387e-05	-0.000124816	-0.00388046	
41.8	-9.70747e-05	0.000946781	0.0012658	1.63568e-05	-0.000119916	-0.00390855	
41.8	-9.70747e-05	0.000946781	0.0012658	1.63568e-05	-0.000119916	-0.00390855	
41.81	-9.43162e-05	0.000953631	0.00127163	1.63075e-05	-0.000115238	-0.00393621	
41.81	-9.43162e-05	0.000953631	0.00127163	1.63075e-05	-0.000115238	-0.00393621	
41.82	-9.16447e-05	0.0009603	0.00127774	1.60266e-05	-0.000111282	-0.00396384	
41.82	-9.16447e-05	0.0009603	0.00127774	1.60266e-05	-0.000111282	-0.00396384	
41.83	-8.90634e-05	0.000966853	0.00128401	1.57747e-05	-0.000107327	-0.0039914	
41.83	-8.90634e-05	0.000966853	0.00128401	1.57747e-05	-0.000107327	-0.0039914	
41.84	-8.65765e-05	0.000973533	0.00129047	1.56753e-05	-0.000103596	-0.00401815	
41.84	-8.65765e-05	0.000973533	0.00129047	1.56753e-05	-0.000103596	-0.00401815	
41.85	-8.41916e-05	0.000980108	0.00129723	1.53994e-05	-0.000100611	-0.00404495	
41.85	-8.41916e-05	0.000980108	0.00129723	1.53994e-05	-0.000100611	-0.00404495	
41.86	-8.18668e-05	0.000986463	0.00130412	1.6008e-05	-9.78124e-05	-0.00407231	
41.86	-8.18668e-05	0.000986463	0.00130412	1.6008e-05	-9.78124e-05	-0.00407231	
41.87	-7.94986e-05	0.000992933	0.0013111	1.54695e-05	-9.51142e-05	-0.00409864	
41.87	-7.94986e-05	0.000992933	0.0013111	1.54695e-05	-9.51142e-05	-0.00409864	
41.88	-7.72689e-05	0.000999552	0.00131825	1.52271e-05	-9.2393e-05	-0.00412401	
41.88	-7.72689e-05	0.000999552	0.00131825	1.52271e-05	-9.2393e-05	-0.00412401	
41.89	-7.5033e-05	0.00100589	0.00132524	1.53158e-05	-8.94774e-05	-0.00415018	
41.89	-7.5033e-05	0.00100589	0.00132524	1.53158e-05	-8.94774e-05	-0.00415018	
41.9	-7.28639e-05	0.00101222	0.0013324	1.54636e-05	-8.70279e-05	-0.00417603	
41.9	-7.28639e-05	0.00101222	0.0013324	1.54636e-05	-8.70279e-05	-0.00417603	
41.91	-7.05855e-05	0.00101865	0.00133936	1.524e-05	-8.44452e-05	-0.00420111	
41.91	-7.05855e-05	0.00101865	0.00133936	1.524e-05	-8.44452e-05	-0.00420111	
41.92	-6.8291e-05	0.00102496	0.00134618	1.52318e-05	-8.16029e-05	-0.00422676	
41.92	-6.8291e-05	0.00102496	0.00134618	1.52318e-05	-8.16029e-05	-0.00422676	
41.93	-6.59782e-05	0.001031	0.00135282	1.51306e-05	-7.81592e-05	-0.004252	
41.93	-6.59782e-05	0.001031	0.00135282	1.51306e-05	-7.81592e-05	-0.004252	
41.94	-6.3589e-05	0.00103708	0.0013594	1.52258e-05	-7.49334e-05	-0.00427678	
41.94	-6.3589e-05	0.00103708	0.0013594	1.52258e-05	-7.49334e-05	-0.00427678	
41.95	-6.11911e-05	0.0010434	0.00136575	1.47376e-05	-7.18754e-05	-0.00430102	
41.95	-6.11911e-05	0.0010434	0.00136575	1.47376e-05	-7.18754e-05	-0.00430102	
41.96	-5.86396e-05	0.00104953	0.00137171	1.48748e-05	-6.80542e-05	-0.00432522	
41.96	-5.86396e-05	0.00104953	0.00137171	1.48748e-05	-6.80542e-05	-0.00432522	
41.97	-5.60294e-05	0.00105542	0.00137775	1.47551e-05	-6.44089e-05	-0.00434971	
41.97	-5.60294e-05	0.00105542	0.00137775	1.47551e-05	-6.44089e-05	-0.00434971	
41.98	-5.34393e-05	0.00106147	0.00138366	1.47207e-05	-6.09865e-05	-0.0043736	
41.98	-5.34393e-05	0.00106147	0.00138366	1.47207e-05	-6.09865e-05	-0.0043736	
41.99	-5.07571e-05	0.00106744	0.00138919	1.44108e-05	-5.70528e-05	-0.00439719	
41.99	-5.07571e-05	0.00106744	0.00138919	1.44108e-05	-5.70528e-05	-0.00439719	
42	-4.79667e-05	0.0010732	0.00139442	1.41476e-05	-5.23907e-05	-0.00442081	
42	-4.79667e-05	0.0010732	0.00139442	1.41476e-05	-5.23907e-05	-0.00442081	
42.01	-4.51552e-05	0.00107917	0.00139969	1.41386e-05	-4.81649e-05	-0.00444402	
42.01	-4.51552e-05	0.00107917	0.00139969	1.41386e-05	-4.81649e-05	-0.00444402	
42.02	-4.22688e-05	0.00108507	0.00140452	1.40905e-05	-4.32141e-05	-0.00446695	
42.02	-4.22688e-05	0.00108507	0.00140452	1.40905e-05	-4.32141e-05	-0.00446695	
42.03	-3.92259e-05	0.00109085	0.00140905	1.29316e-05	-3.83508e-05	-0.00448954	
42.03	-3.92259e-05	0.00109085	0.00140905	1.29316e-05	-3.83508e-05	-0.00448954	
42.04	-3.60508e-05	0.00109663	0.00141268	1.2529e-05	-3.15103e-05	-0.00451205	
42.04	-3.60508e-05	0.00109663	0.00141268	1.2529e-05	-3.15103e-05	-0.00451205	
42.05	-3.25246e-05	0.00110237	0.00141518	1.19407e-05	-2.28138e-05	-0.00453435	
42.05	-3.25246e-05	0.00110237	0.00141518	1.19407e-05	-2.28138e-05	-0.00453435	
42.06	-2.88001e-05	0.00110826	0.00141565	1.20885e-05	-9.74484e-06	-0.00455628	
42.06	-2.88001e-05	0.00110826	0.00141565	1.20885e-05	-9.74484e-06	-0.00455628	
42.07	-2.4802e-05	0.00111432	0.00141464	1.13311e-05	5.09454e-06	-0.00457738	
42.07	-2.4802e-05	0.00111432	0.00141464	1.13311e-05	5.09454e-06	-0.00457738	
42.08	-2.07412e-05	0.00112052	0.00141287	1.10498e-05	1.95097e-05	-0.00459827	
42.08	-2.07412e-05	0.00112052	0.00141287	1.10498e-05	1.95097e-05	-0.00459827	
42.09	-1.68071e-05	0.0011263	0.00141247	1.11144e-05	3.00134e-05	-0.00461986	
42.09	-1.68071e-05	0.0011263	0.00141247	1.11144e-05	3.00134e-05	-0.00461986	
42.1	-1.3385e-05	0.00113196	0.00141564	1.15944e-05	3.26809e-05	-0.00464134	
42.1	-1.3385e-05	0.00113196	0.00141564	1.15944e-05	3.26809e-05	-0.00464134	
42.11	-1.05537e-05	0.0011365	0.00142384	1.17226e-05	2.5842e-05	-0.00466401	
42.11	-1.05537e-05	0.0011365	0.00142384	1.17226e-05	2.5842e-05	-0.00466401	
42.12	-8.34044e-06	0.00114082	0.00143629	1.20069e-05	1.35391e-05	-0.00468696	
42.12	-8.34044e-06	0.00114082	0.00143629	1.20069e-05	1.35391e-05	-0.00468696	
42.13	-6.48991e-06	0.00114473	0.00145059	1.22088e-05	1.5181e-06	-0.00470911	
42.13	-6.48991e-06	0.00114473	0.00145059	1.22088e-05	1.5181e-06	-0.00470911	
42.14	-4.82114e-06	0.00114916	0.00146404	1.28054e-05	-5.41509e-06	-0.00473012	
42.14	-4.82114e-06	0.00114916	0.00146404	1.28054e-05	-5.41509e-06	-0.00473012	
42.15	-2.85866e-06	0.00115389	0.00147447	1.21584e-05	-6.22257e-06	-0.00475	
42.15	-2.85866e-06	0.00115389	0.00147447	1.21584e-05	-6.22257e-06	-0.00475	
42.16	-6.70345e-07	0.00115941	0.00148087	1.24067e-05	-2.20663e-07	-0.00476899	
42.16	-6.70345e-07	0.00115941	0.00148087	1.24067e-05	-2.20663e-07	-0.00476899	
42.17	2.11244e-06	0.00116488	0.00148322	1.1803e-05	1.1655e-05	-0.0047884	
42.17	2.11244e-06	0.00116488	0.00148322	1.1803e-05	1.1655e-05	-0.0047884	
42.18	5.43596e-06	0.0011708	0.00148261	1.09836e-05	2.61753e-05	-0.00480704	
42.18	5.43596e-06	0.0011708	0.00148261	1.09836e-05	2.61753e-05	-0.00480704	
42.19	9.21968e-06	0.00117674	0.00148039	1.025e-05	4.11061e-05	-0.00482477	
42.19	9.21968e-06	0.00117674	0.00148039	1.025e-05	4.11061e-05	-0.00482477	
42.2	1.32956e-05	0.00118243	0.00147767	1.03213e-05	5.56602e-05	-0.0048433	
42.2	1.32956e-05	0.00118243	0.00147767	1.03213e-05	5.56602e-05	-0.0048433	
42.21	1.75913e-05	0.00118757	0.00147556	9.5132e-06	6.83373e-05	-0.0048626	
42.21	1.75913e-05	0.00118757	0.00147556	9.5132e-06	6.83373e-05	-0.0048626	
42.22	2.18144e-05	0.00119267	0.00147484	8.90193e-06	7.77131e-05	-0.00488163	
42.22	2.18144e-05	0.00119267	0.00147484	8.90193e-06	7.77131e-05	-0.00488163	
42.23	2.58554e-05	0.00119731	0.00147568	8.6582e-06	8.45652e-05	-0.00490012	
42.23	2.58554e-05	0.00119731	0.00147568	8.6582e-06	8.45652e-05	-0.00490012	
42.24	2.95252e-05	0.00120212	0.0014778	9.20152e-06	9.05758e-05	-0.00491877	
42.24	2.95252e-05	0.00120212	0.0014778	9.20152e-06	9.05758e-05	-0.00491877	
42.25	3.29681e-05	0.00120649	0.00148108	8.6047e-06	9.50664e-05	-0.00493742	
42.25	3.29681e-05	0.00120649	0.00148108	8.6047e-06	9.50664e-05	-0.00493742	
42.26	3.60257e-05	0.00121128	0.00148516	8.68213e-06	9.82325e-05	-0.00495499	
42.26	3.60257e-05	0.00121128	0.00148516	8.68213e-06	9.82325e-05	-0.00495499	
42.27	3.89081e-05	0.00121557	0.00148984	8.60633e-06	0.000101118	-0.00497339	
42.27	3.89081e-05	0.00121557	0.00148984	8.60633e-06	0.000101118	-0.00497339	
42.28	4.14418e-05	0.00122031	0.00149484	8.934e-06	0.000104097	-0.0049909	
42.28	4.14418e-05	0.00122031	0.00149484	8.934e-06	0.000104097	-0.0049909	
42.29	4.39106e-05	0.00122476	0.00150009	8.74297e-06	0.000106226	-0.00500765	
42.29	4.39106e-05	0.00122476	0.00150009	8.74297e-06	0.000106226	-0.00500765	
42.3	4.61418e-05	0.00122968	0.00150547	8.82318e-06	0.000108443	-0.00502391	
42.3	4.61418e-05	0.00122968	0.00150547	8.82318e-06	0.000108443	-0.00502391	
42.31	4.8315e-05	0.00123421	0.00151075	8.84742e-06	0.000110999	-0.00504096	
42.31	4.8315e-05	0.00123421	0.00151075	8.84742e-06	0.000110999	-0.00504096	
42.32	5.04394e-05	0.00123886	0.00151647	9.26427e-06	0.000112459	-0.00505745	
42.32	5.04394e-05	0.00123886	0.00151647	9.26427e-06	0.000112459	-0.00505745	
42.33	5.26216e-05	0.00124311	0.00152208	9.21174e-06	0.000113918	-0.00507384	
42.33	5.26216e-05	0.00124311	0.00152208	9.21174e-06	0.000113918	-0.00507384	
42.34	5.46352e-05	0.00124787	0.00152771	9.41378e-06	0.000115955	-0.00508962	
42.34	5.46352e-05	0.00124787	0.00152771	9.41378e-06	0.000115955	-0.00508962	
42.35	5.68876e-05	0.001252	0.00153318	9.32193e-06	0.000117947	-0.00510562	
42.35	5.68876e-05	0.001252	0.00153318	9.32193e-06	0.000117947	-0.00510562	
42.36	5.90693e-05	0.00125644	0.00153842	9.87239e-06	0.000120328	-0.00512121	
42.36	5.90693e-05	0.00125644	0.00153842	9.87239e-06	0.000120328	-0.00512121	
42.37	6.15246e-05	0.00126059	0.00154345	9.64168e-06	0.000122552	-0.00513711	
42.37	6.15246e-05	0.00126059	0.00154345	9.64168e-06	0.000122552	-0.00513711	
42.38	6.40095e-05	0.00126481	0.00154814	9.70841e-06	0.00012561	-0.00515227	
42.38	6.40095e-05	0.00126481	0.00154814	9.70841e-06	0.00012561	-0.00515227	
42.39	6.66382e-05	0.00126879	0.00155219	9.83798e-06	0.000129749	-0.00516763	
42.39	6.66382e-05	0.00126879	0.00155219	9.83798e-06	0.000129749	-0.00516763	
42.4	6.93452e-05	0.00127297	0.00155608	1.00218e-05	0.00013374	-0.00518243	
42.4	6.93452e-05	0.00127297	0.00155608	1.00218e-05	0.00013374	-0.00518243	
42.41	7.23131e-05	0.0012769	0.00155935	9.82739e-06	0.000138222	-0.00519726	
42.41	7.23131e-05	0.0012769	0.00155935	9.82739e-06	0.000138222	-0.00519726	
42.42	7.53126e-05	0.0012809	0.00156218	9.75419e-06	0.000143765	-0.00521195	
42.42	7.53126e-05	0.0012809	0.00156218	9.75419e-06	0.000143765	-0.00521195	
42.43	7.85475e-05	0.00128458	0.00156475	9.59869e-06	0.000149294	-0.00522701	
42.43	7.85475e-05	0.00128458	0.00156475	9.59869e-06	0.000149294	-0.00522701	
42.44	8.18223e-05	0.00128876	0.0015667	1.01029e-05	0.000155965	-0.00524023	
42.44	8.18223e-05	0.00128876	0.0015667	1.01029e-05	0.000155965	-0.00524023	
42.45	8.51999e-05	0.00129238	0.00156872	9.20631e-06	0.000161668	-0.00525433	
42.45	8.51999e-05	0.00129238	0.00156872	9.20631e-06	0.000161668	-0.00525433	
42.46	8.86526e-05	0.00129618	0.00157026	9.42667e-06	0.000168096	-0.00526893	
42.46	8.86526e-05	0.00129618	0.00157026	9.42667e-06	0.000168096	-0.00526893	
42.47	9.21401e-05	0.00129987	0.00157178	9.29284e-06	0.000174826	-0.00528214	
42.47	9.21401e-05	0.00129987	0.00157178	9.29284e-06	0.000174826	-0.00528214	
42.48	9.55951e-05	0.00130368	0.00157322	9.29032e-06	0.000181205	-0.00529529	
42.48	9.55951e-05	0.00130368	0.00157322	9.29032e-06	0.000181205	-0.00529529	
42.49	9.90716e-05	0.00130725	0.00157462	8.68839e-06	0.000187786	-0.00530856	
42.49	9.90716e-05	0.00130725	0.00157462	8.68839e-06	0.000187786	-0.00530856	
42.5	0.000102559	0.00131098	0.00157598	8.83924e-06	0.000194344	-0.00532149	
42.5	0.000102559	0.00131098	0.00157598	8.83924e-06	0.000194344	-0.00532149	
42.51	0.000106065	0.00131437	0.00157756	8.57215e-06	0.000199855	-0.00533415	
42.51	0.000106065	0.00131437	0.00157756	8.57215e-06	0.000199855	-0.00533415	
42.52	0.000109367	0.00131791	0.00157917	8.82658e-06	0.000205805	-0.00534711	
42.52	0.000109367	0.00131791	0.00157917	8.82658e-06	0.000205805	-0.00534711	
42.53	0.000112726	0.00132136	0.00158096	8.5418e-06	0.000211347	-0.00535943	
42.53	0.000112726	0.00132136	0.00158096	8.5418e-06	0.000211347	-0.00535943	
42.54	0.000115927	0.00132506	0.00158283	8.52853e-06	0.000216819	-0.00537079	
42.54	0.000115927	0.00132506	0.00158283	8.52853e-06	0.000216819	-0.00537079	
42.55	0.000119061	0.00132835	0.00158487	8.47455e-06	0.000221639	-0.00538304	
42.55	0.000119061	0.00132835	0.00158487	8.47455e-06	0.000221639	-0.00538304	
42.56	0.000122096	0.00133189	0.00158707	8.87154e-06	0.00022642	-0.00539452	
42.56	0.000122096	0.00133189	0.00158707	8.87154e-06	0.00022642	-0.00539452	
42.57	0.000125078	0.00133526	0.00158958	8.64988e-06	0.000230404	-0.00540577	
42.57	0.000125078	0.00133526	0.00158958	8.64988e-06	0.000230404	-0.00540577	
42.58	0.000128004	0.00133849	0.00159216	8.63949e-06	0.000234551	-0.00541736	
42.58	0.000128004	0.00133849	0.00159216	8.63949e-06	0.000234551	-0.00541736	
42.59	0.000130901	0.00134173	0.00159484	8.58939e-06	0.000238397	-0.00542814	
42.59	0.000130901	0.00134173	0.00159484	8.58939e-06	0.000238397	-0.00542814	
42.6	0.000133574	0.00134536	0.00159744	9.11753e-06	0.000242969	-0.0054383	
42.6	0.000133574	0.00134536	0.00159744	9.11753e-06	0.000242969	-0.0054383	
42.61	0.000136426	0.00134832	0.00160031	8.78199e-06	0.000246056	-0.0054491	
42.61	0.000136426	0.00134832	0.00160031	8.78199e-06	0.000246056	-0.0054491	
42.62	0.00013917	0.00135168	0.00160301	8.88926e-06	0.000249624	-0.00545924	
42.62	0.00013917	0.00135168	0.00160301	8.88926e-06	0.000249624	-0.00545924	
42.63	0.000141954	0.00135467	0.00160574	9.01364e-06	0.000253693	-0.00546967	
42.63	0.000141954	0.00135467	0.00160574	9.01364e-06	0.000253693	-0.00546967	
42.64	0.000144668	0.00135799	0.00160833	9.70707e-06	0.000258038	-0.0054794	
42.64	0.000144668	0.00135799	0.00160833	9.70707e-06	0.000258038	-0.0054794	
42.65	0.000147496	0.00136083	0.00161099	8.96431e-06	0.000260892	-0.00548924	
42.65	0.000147496	0.00136083	0.00161099	8.96431e-06	0.000260892	-0.00548924	
42.66	0.000150287	0.00136391	0.00161342	9.32358e-06	0.000264836	-0.00549858	
42.66	0.000150287	0.00136391	0.00161342	9.32358e-06	0.000264836	-0.00549858	
42.67	0.0001531	0.00136676	0.00161575	9.56202e-06	0.00026959	-0.00550793	
42.67	0.0001531	0.00136676	0.00161575	9.56202e-06	0.00026959	-0.00550793	
42.68	0.000155943	0.00136973	0.0016178	9.50393e-06	0.00027402	-0.00551695	
42.68	0.000155943	0.00136973	0.0016178	9.50393e-06	0.00027402	-0.00551695	
42.69	0.00015897	0.00137239	0.00161969	9.45308e-06	0.000278235	-0.00552632	
42.69	0.00015897	0.00137239	0.00161969	9.45308e-06	0.000278235	-0.00552632	
42.7	0.000161896	0.00137522	0.00162147	9.80423e-06	0.000283216	-0.00553508	
42.7	0.000161896	0.00137522	0.00162147	9.80423e-06	0.000283216	-0.00553508	
42.71	0.000164905	0.00137781	0.0016234	9.4374e-06	0.000287064	-0.00554378	
42.71	0.000164905	0.00137781	0.0016234	9.4374e-06	0.000287064	-0.00554378	
42.72	0.000167911	0.0013806	0.00162478	9.73465e-06	0.000292222	-0.00555212	
42.72	0.000167911	0.0013806	0.00162478	9.73465e-06	0.000292222	-0.00555212	
42.73	0.00017102	0.00138317	0.00162615	9.30363e-06	0.00029761	-0.00556002	
42.73	0.00017102	0.00138317	0.00162615	9.30363e-06	0.00029761	-0.00556002	
42.74	0.000174184	0.00138572	0.00162741	9.79787e-06	0.000302424	-0.0055682	
42.74	0.000174184	0.00138572	0.00162741	9.79787e-06	0.000302424	-0.0055682	
42.75	0.000177334	0.00138804	0.00162849	9.66881e-06	0.000307648	-0.00557655	
42.75	0.000177334	0.00138804	0.00162849	9.66881e-06	0.000307648	-0.00557655	
42.76	0.000180461	0.00139065	0.00162944	9.53785e-06	0.000313379	-0.00558417	
42.76	0.000180461	0.00139065	0.00162944	9.53785e-06	0.000313379	-0.00558417	
42.77	0.000183673	0.00139284	0.00163047	9.25831e-06	0.000318058	-0.00559159	
42.77	0.000183673	0.00139284	0.00163047	9.25831e-06	0.000318058	-0.00559159	
42.78	0.000186766	0.00139536	0.00163134	9.79177e-06	0.000323403	-0.00559875	
42.78	0.000186766	0.00139536	0.00163134	9.79177e-06	0.000323403	-0.00559875	
42.79	0.000189903	0.00139743	0.00163239	9.53964e-06	0.000328224	-0.005606	
42.79	0.000189903	0.00139743	0.00163239	9.53964e-06	0.000328224	-0.005606	
42.8	0.000193009	0.00139992	0.00163328	9.47353e-06	0.000333382	-0.00561248	
42.8	0.000193009	0.00139992	0.00163328	9.47353e-06	0.000333382	-0.00561248	
42.81	0.000196115	0.00140188	0.00163428	9.27052e-06	0.000338282	-0.00561966	
42.81	0.000196115	0.00140188	0.00163428	9.27052e-06	0.000338282	-0.00561966	
42.82	0.000199253	0.00140443	0.001635	9.81894e-06	0.000343643	-0.00562581	
42.82	0.000199253	0.00140443	0.001635	9.81894e-06	0.000343643	-0.00562581	
42.83	0.000202218	0.00140638	0.0016361	9.47547e-06	0.00034804	-0.0056318	
42.83	0.000202218	0.00140638	0.0016361	9.47547e-06	0.00034804	-0.0056318	
42.84	0.000205249	0.00140868	0.00163702	9.82646e-06	0.00035266	-0.00563766	
42.84	0.000205249	0.00140868	0.00163702	9.82646e-06	0.00035266	-0.00563766	
42.85	0.000208222	0.00141056	0.00163812	9.55715e-06	0.000357008	-0.00564419	
42.85	0.000208222	0.00141056	0.00163812	9.55715e-06	0.000357008	-0.00564419	
42.86	0.000211183	0.00141277	0.001639	1.00397e-05	0.000361851	-0.00564939	
42.86	0.000211183	0.00141277	0.001639	1.00397e-05	0.000361851	-0.00564939	
42.87	0.000214136	0.00141465	0.00164004	9.64998e-06	0.000366041	-0.00565465	
42.87	0.000214136	0.00141465	0.00164004	9.64998e-06	0.000366041	-0.00565465	
42.88	0.000216965	0.00141674	0.00164112	9.85525e-06	0.000370479	-0.00566019	
42.88	0.000216965	0.00141674	0.00164112	9.85525e-06	0.000370479	-0.00566019	
42.89	0.000219918	0.00141856	0.001642	9.76284e-06	0.000374768	-0.00566524	
42.89	0.000219918	0.00141856	0.001642	9.76284e-06	0.000374768	-0.00566524	
42.9	0.000222761	0.00142071	0.00164291	1.03702e-05	0.00037911	-0.00566912	
42.9	0.000222761	0.00142071	0.00164291	1.03702e-05	0.00037911	-0.00566912	
42.91	0.000225663	0.00142231	0.00164418	1.00414e-05	0.000382593	-0.00567397	
42.91	0.000225663	0.00142231	0.00164418	1.00414e-05	0.000382593	-0.00567397	
42.92	0.000228482	0.00142435	0.00164489	1.01953e-05	0.000387333	-0.00567841	
42.92	0.000228482	0.00142435	0.00164489	1.01953e-05	0.000387333	-0.00567841	
42.93	0.000231339	0.00142592	0.00164572	1.03161e-05	0.000392275	-0.00568302	
42.93	0.000231339	0.00142592	0.00164572	1.03161e-05	0.000392275	-0.00568302	
42.94	0.000234129	0.00142761	0.00164666	1.06601e-05	0.000395995	-0.00568688	
42.94	0.000234129	0.00142761	0.00164666	1.06601e-05	0.000395995	-0.00568688	
42.95	0.000237052	0.00142924	0.00164737	1.06395e-05	0.000399794	-0.00569038	
42.95	0.000237052	0.00142924	0.00164737	1.06395e-05	0.000399794	-0.00569038	
42.96	0.000239905	0.00143122	0.00164787	1.07459e-05	0.000404804	-0.00569334	
42.96	0.000239905	0.00143122	0.00164787	1.07459e-05	0.000404804	-0.00569334	
42.97	0.000242802	0.0014324	0.00164853	1.03797e-05	0.000409269	-0.00569768	
42.97	0.000242802	0.0014324	0.00164853	1.03797e-05	0.000409269	-0.00569768	
42.98	0.000245652	0.00143409	0.00164906	1.09646e-05	0.000413444	-0.00570103	
42.98	0.000245652	0.00143409	0.00164906	1.09646e-05	0.000413444	-0.00570103	
42.99	0.000248506	0.00143544	0.00164959	1.07937e-05	0.000417184	-0.00570377	
42.99	0.000248506	0.00143544	0.00164959	1.07937e-05	0.000417184	-0.00570377	
43	0.000251427	0.00143681	0.00164995	1.10735e-05	0.000421996	-0.00570686	
43	0.000251427	0.00143681	0.00164995	1.10735e-05	0.000421996	-0.00570686	
43.01	0.000254386	0.00143799	0.00165022	1.08265e-05	0.000426825	-0.00570972	
43.01	0.000254386	0.00143799	0.00165022	1.08265e-05	0.000426825	-0.00570972	
43.02	0.000257226	0.00143952	0.00165039	1.11974e-05	0.000431347	-0.0057118	
43.02	0.000257226	0.00143952	0.00165039	1.11974e-05	0.000431347	-0.0057118	
43.03	0.000260115	0.00144053	0.00165073	1.10824e-05	0.000435306	-0.00571445	
43.03	0.000260115	0.00144053	0.00165073	1.10824e-05	0.000435306	-0.00571445	
43.04	0.000263006	0.00144199	0.00165065	1.14268e-05	0.000440413	-0.00571629	
43.04	0.000263006	0.00144199	0.00165065	1.14268e-05	0.000440413	-0.00571629	
43.05	0.000265991	0.00144282	0.00165069	1.11281e-05	0.000445071	-0.00571861	
43.05	0.000265991	0.00144282	0.00165069	1.11281e-05	0.000445071	-0.00571861	
43.06	0.000268837	0.00144419	0.00165063	1.12822e-05	0.000449695	-0.0057201	
43.06	0.000268837	0.00144419	0.00165063	1.12822e-05	0.000449695	-0.0057201	
43.07	0.000271706	0.00144507	0.00165073	1.08571e-05	0.000453558	-0.00572174	
43.07	0.000271706	0.00144507	0.00165073	1.08571e-05	0.000453558	-0.00572174	
43.08	0.000274726	0.00144617	0.00165062	1.16773e-05	0.000457802	-0.00572323	
43.08	0.000274726	0.00144617	0.00165062	1.16773e-05	0.000457802	-0.00572323	
43.09	0.000277581	0.0014469	0.00165049	1.15262e-05	0.000462596	-0.00572481	
43.09	0.000277581	0.0014469	0.00165049	1.15262e-05	0.000462596	-0.00572481	
43.1	0.000280425	0.00144808	0.00165028	1.1379e-05	0.000467538	-0.00572501	
43.1	0.000280425	0.00144808	0.00165028	1.1379e-05	0.000467538	-0.00572501	
43.11	0.000283223	0.00144874	0.00165037	1.13579e-05	0.000470977	-0.00572591	
43.11	0.000283223	0.00144874	0.00165037	1.13579e-05	0.000470977	-0.00572591	
43.12	0.000286058	0.00144978	0.00164998	1.2204e-05	0.000475765	-0.00572644	
43.12	0.000286058	0.00144978	0.00164998	1.2204e-05	0.000475765	-0.00572644	
43.13	0.000288976	0.00145035	0.00164972	1.14668e-05	0.000480288	-0.00572704	
43.13	0.000288976	0.00145035	0.00164972	1.14668e-05	0.000480288	-0.00572704	
43.14	0.000291667	0.00145125	0.00164953	1.17045e-05	0.000484508	-0.00572725	
43.14	0.000291667	0.00145125	0.00164953	1.17045e-05	0.000484508	-0.00572725	
43.15	0.000294522	0.00145177	0.00164926	1.18109e-05	0.000488205	-0.00572726	
43.15	0.000294522	0.00145177	0.00164926	1.18109e-05	0.000488205	-0.00572726	
43.16	0.000297311	0.0014525	0.00164894	1.25311e-05	0.000492774	-0.00572707	
43.16	0.000297311	0.0014525	0.00164894	1.25311e-05	0.000492774	-0.00572707	
43.17	0.00030002	0.001453	0.00164874	1.1763e-05	0.000496678	-0.00572681	
43.17	0.00030002	0.001453	0.00164874	1.1763e-05	0.000496678	-0.00572681	
43.18	0.000302774	0.00145384	0.00164818	1.21911e-05	0.000501384	-0.00572594	
43.18	0.000302774	0.00145384	0.00164818	1.21911e-05	0.000501384	-0.00572594	
43.19	0.000305471	0.00145418	0.00164792	1.23855e-05	0.000505122	-0.0057249	
43.19	0.000305471	0.00145418	0.00164792	1.23855e-05	0.000505122	-0.0057249	
43.2	0.000308293	0.00145478	0.00164738	1.27431e-05	0.000509205	-0.00572415	
43.2	0.000308293	0.00145478	0.00164738	1.27431e-05	0.000509205	-0.00572415	
43.21	0.000311054	0.00145498	0.00164678	1.20231e-05	0.000513512	-0.00572342	
43.21	0.000311054	0.00145498	0.00164678	1.20231e-05	0.000513512	-0.00572342	
43.22	0.000313666	0.00145558	0.00164637	1.26059e-05	0.000517505	-0.00572155	
43.22	0.000313666	0.00145558	0.00164637	1.26059e-05	0.000517505	-0.00572155	
43.23	0.00031642	0.0014556	0.00164592	1.27224e-05	0.000521026	-0.00572009	
43.23	0.00031642	0.0014556	0.00164592	1.27224e-05	0.000521026	-0.00572009	
43.24	0.000319076	0.00145628	0.0016451	1.29575e-05	0.000525966	-0.00571824	
43.24	0.000319076	0.00145628	0.0016451	1.29575e-05	0.000525966	-0.00571824	
43.25	0.000321771	0.00145627	0.00164449	1.26068e-05	0.000529826	-0.00571622	
43.25	0.000321771	0.00145627	0.00164449	1.26068e-05	0.000529826	-0.00571622	
43.26	0.000324477	0.00145648	0.00164378	1.31894e-05	0.000533839	-0.0057145	
43.26	0.000324477	0.00145648	0.00164378	1.31894e-05	0.000533839	-0.0057145	
43.27	0.000327147	0.00145646	0.00164317	1.29313e-05	0.000537148	-0.00571257	
43.27	0.000327147	0.00145646	0.00164317	1.29313e-05	0.000537148	-0.00571257	
43.28	0.000329806	0.00145682	0.00164213	1.31346e-05	0.000541763	-0.00570954	
43.28	0.000329806	0.00145682	0.00164213	1.31346e-05	0.000541763	-0.00570954	
43.29	0.00033248	0.00145666	0.00164132	1.28192e-05	0.000545894	-0.00570667	
43.29	0.00033248	0.00145666	0.00164132	1.28192e-05	0.000545894	-0.00570667	
43.3	0.00033522	0.00145677	0.00164022	1.32816e-05	0.000550232	-0.00570414	
43.3	0.00033522	0.00145677	0.00164022	1.32816e-05	0.000550232	-0.00570414	
43.31	0.000337857	0.00145658	0.00163938	1.32206e-05	0.000553767	-0.00570125	
43.31	0.000337857	0.00145658	0.00163938	1.32206e-05	0.000553767	-0.00570125	
43.32	0.000340519	0.00145661	0.00163825	1.36853e-05	0.000557968	-0.00569796	
43.32	0.000340519	0.00145661	0.00163825	1.36853e-05	0.000557968	-0.00569796	
43.33	0.000343168	0.00145623	0.00163731	1.30575e-05	0.000561628	-0.00569471	
43.33	0.000343168	0.00145623	0.00163731	1.30575e-05	0.000561628	-0.00569471	
43.34	0.00034581	0.00145631	0.001636	1.36374e-05	0.000566432	-0.0056911	
43.34	0.00034581	0.00145631	0.001636	1.36374e-05	0.000566432	-0.0056911	
43.35	0.000348423	0.00145577	0.00163498	1.36565e-05	0.00056975	-0.00568749	
43.35	0.000348423	0.00145577	0.00163498	1.36565e-05	0.00056975	-0.00568749	
43.36	0.000351105	0.00145562	0.00163377	1.40819e-05	0.000573798	-0.00568322	
43.36	0.000351105	0.00145562	0.00163377	1.40819e-05	0.000573798	-0.00568322	
43.37	0.000353749	0.00145512	0.00163235	1.35432e-05	0.000578178	-0.00567944	
43.37	0.000353749	0.00145512	0.00163235	1.35432e-05	0.000578178	-0.00567944	
43.38	0.000356344	0.00145493	0.00163093	1.37574e-05	0.00058242	-0.005675	
43.38	0.000356344	0.00145493	0.00163093	1.37574e-05	0.00058242	-0.005675	
43.39	0.000358875	0.00145422	0.00162983	1.37258e-05	0.000585364	-0.00567023	
43.39	0.000358875	0.00145422	0.00162983	1.37258e-05	0.000585364	-0.00567023	
43.4	0.000361476	0.00145393	0.00162841	1.4184e-05	0.000589395	-0.00566554	
43.4	0.000361476	0.00145393	0.00162841	1.4184e-05	0.000589395	-0.00566554	
43.41	0.000364074	0.00145312	0.00162708	1.38213e-05	0.000593373	-0.00566142	
43.41	0.000364074	0.00145312	0.00162708	1.38213e-05	0.000593373	-0.00566142	
43.42	0.000366669	0.00145267	0.0016254	1.41408e-05	0.000597795	-0.005656	
43.42	0.000366669	0.00145267	0.0016254	1.41408e-05	0.000597795	-0.005656	
43.43	0.000369142	0.00145183	0.0016241	1.4109e-05	0.00060075	-0.00565063	
43.43	0.000369142	0.00145183	0.0016241	1.4109e-05	0.00060075	-0.00565063	
43.44	0.00037176	0.00145133	0.00162239	1.45726e-05	0.000604866	-0.00564512	
43.44	0.00037176	0.00145133	0.00162239	1.45726e-05	0.000604866	-0.00564512	
43.45	0.000374219	0.00145045	0.00162098	1.39527e-05	0.00060874	-0.0056396	
43.45	0.000374219	0.00145045	0.00162098	1.39527e-05	0.00060874	-0.0056396	
43.46	0.000376796	0.00144978	0.00161928	1.47731e-05	0.000612588	-0.00563349	
43.46	0.000376796	0.00144978	0.00161928	1.47731e-05	0.000612588	-0.00563349	
43.47	0.000379285	0.00144863	0.00161787	1.444e-05	0.000615591	-0.00562828	
43.47	0.000379285	0.00144863	0.00161787	1.444e-05	0.000615591	-0.00562828	
43.48	0.000381685	0.00144816	0.00161598	1.4685e-05	0.000619921	-0.00562184	
43.48	0.000381685	0.00144816	0.00161598	1.4685e-05	0.000619921	-0.00562184	
43.49	0.000384091	0.00144705	0.00161443	1.44134e-05	0.00062324	-0.00561504	
43.49	0.000384091	0.00144705	0.00161443	1.44134e-05	0.00062324	-0.00561504	
43.5	0.000386664	0.00144611	0.00161245	1.48901e-05	0.000627164	-0.00560862	
43.5	0.000386664	0.00144611	0.00161245	1.48901e-05	0.000627164	-0.00560862	
43.51	0.000389116	0.00144484	0.00161078	1.48799e-05	0.000630334	-0.00560258	
43.51	0.000389116	0.00144484	0.00161078	1.48799e-05	0.000630334	-0.00560258	
43.52	0.00039162	0.00144396	0.00160869	1.50909e-05	0.000634264	-0.00559527	
43.52	0.00039162	0.00144396	0.00160869	1.50909e-05	0.000634264	-0.00559527	
43.53	0.000393978	0.00144267	0.00160699	1.45902e-05	0.00063781	-0.00558804	
43.53	0.000393978	0.00144267	0.00160699	1.45902e-05	0.00063781	-0.00558804	
43.54	0.000396396	0.00144174	0.00160486	1.5092e-05	0.000641873	-0.00558026	
43.54	0.000396396	0.00144174	0.00160486	1.5092e-05	0.000641873	-0.00558026	
43.55	0.000398883	0.00144024	0.00160291	1.49823e-05	0.000645019	-0.00557378	
43.55	0.000398883	0.00144024	0.00160291	1.49823e-05	0.000645019	-0.00557378	
43.56	0.000401298	0.00143923	0.00160071	1.5347e-05	0.000648838	-0.00556577	
43.56	0.000401298	0.00143923	0.00160071	1.5347e-05	0.000648838	-0.00556577	
43.57	0.000403721	0.00143774	0.00159869	1.46367e-05	0.000652035	-0.00555783	
43.57	0.000403721	0.00143774	0.00159869	1.46367e-05	0.000652035	-0.00555783	
43.58	0.000406107	0.00143631	0.00159648	1.53867e-05	0.000655966	-0.00554979	
43.58	0.000406107	0.00143631	0.00159648	1.53867e-05	0.000655966	-0.00554979	
43.59	0.000408368	0.0014348	0.00159455	1.53637e-05	0.000658864	-0.0055423	
43.59	0.000408368	0.0014348	0.00159455	1.53637e-05	0.000658864	-0.0055423	
43.6	0.000410804	0.00143368	0.00159209	1.55315e-05	0.000662685	-0.00553307	
43.6	0.000410804	0.00143368	0.00159209	1.55315e-05	0.000662685	-0.00553307	
43.61	0.000413164	0.00143168	0.00158981	1.49153e-05	0.000666307	-0.00552531	
43.61	0.000413164	0.00143168	0.00158981	1.49153e-05	0.000666307	-0.00552531	
43.62	0.000415613	0.00143036	0.00158738	1.57267e-05	0.000669841	-0.00551628	
43.62	0.000415613	0.00143036	0.00158738	1.57267e-05	0.000669841	-0.00551628	
43.63	0.000417891	0.00142847	0.00158515	1.53908e-05	0.000672782	-0.00550775	
43.63	0.000417891	0.00142847	0.00158515	1.53908e-05	0.000672782	-0.00550775	
43.64	0.000420185	0.00142705	0.00158248	1.58343e-05	0.000677225	-0.00549848	
43.64	0.000420185	0.00142705	0.00158248	1.58343e-05	0.000677225	-0.00549848	
43.65	0.000422531	0.00142514	0.00158028	1.5565e-05	0.000679652	-0.00548938	
43.65	0.000422531	0.00142514	0.00158028	1.5565e-05	0.000679652	-0.00548938	
43.66	0.000424794	0.00142351	0.00157765	1.56736e-05	0.000683258	-0.00547959	
43.66	0.000424794	0.00142351	0.00157765	1.56736e-05	0.000683258	-0.00547959	
43.67	0.000427117	0.00142143	0.00157521	1.55527e-05	0.000686672	-0.00547066	
43.67	0.000427117	0.00142143	0.00157521	1.55527e-05	0.000686672	-0.00547066	
43.68	0.000429351	0.00141982	0.00157246	1.60659e-05	0.000690195	-0.00546062	
43.68	0.000429351	0.00141982	0.00157246	1.60659e-05	0.000690195	-0.00546062	
43.69	0.000431607	0.00141774	0.00157002	1.58673e-05	0.000692828	-0.00544999	
43.69	0.000431607	0.00141774	0.00157002	1.58673e-05	0.000692828	-0.00544999	
43.7	0.000433862	0.00141599	0.00156716	1.59772e-05	0.000696502	-0.00543989	
43.7	0.000433862	0.00141599	0.00156716	1.59772e-05	0.000696502	-0.00543989	
43.71	0.000436079	0.00141359	0.00156461	1.5669e-05	0.00069957	-0.00543064	
43.71	0.000436079	0.00141359	0.00156461	1.5669e-05	0.00069957	-0.00543064	
43.72	0.000438436	0.0014117	0.00156165	1.63239e-05	0.00070318	-0.00541975	
43.72	0.000438436	0.0014117	0.00156165	1.63239e-05	0.00070318	-0.00541975	
43.73	0.000440548	0.00140935	0.00155909	1.61384e-05	0.000705538	-0.0054088	
43.73	0.000440548	0.00140935	0.00155909	1.61384e-05	0.000705538	-0.0054088	
43.74	0.000442782	0.00140746	0.00155609	1.61756e-05	0.000709041	-0.00539766	
43.74	0.000442782	0.00140746	0.00155609	1.61756e-05	0.000709041	-0.00539766	
43.75	0.000444933	0.00140501	0.00155331	1.61247e-05	0.00071222	-0.00538715	
43.75	0.000444933	0.00140501	0.00155331	1.61247e-05	0.00071222	-0.00538715	
43.76	0.000447176	0.00140289	0.00155017	1.65369e-05	0.000715875	-0.00537596	
43.76	0.000447176	0.00140289	0.00155017	1.65369e-05	0.000715875	-0.00537596	
43.77	0.000449403	0.00140011	0.00154727	1.60165e-05	0.000718655	-0.00536519	
43.77	0.000449403	0.00140011	0.00154727	1.60165e-05	0.000718655	-0.00536519	
43.78	0.000451495	0.00139819	0.00154412	1.65676e-05	0.000721751	-0.00535283	
43.78	0.000451495	0.00139819	0.00154412	1.65676e-05	0.000721751	-0.00535283	
43.79	0.000453717	0.00139543	0.00154111	1.62794e-05	0.00072491	-0.00534129	
43.79	0.000453717	0.00139543	0.00154111	1.62794e-05	0.00072491	-0.00534129	
43.8	0.000455772	0.00139321	0.00153773	1.6481e-05	0.000728746	-0.00532942	
43.8	0.000455772	0.00139321	0.00153773	1.6481e-05	0.000728746	-0.00532942	
43.81	0.000457885	0.00139045	0.0015349	1.64626e-05	0.000730594	-0.00531738	
43.81	0.000457885	0.00139045	0.0015349	1.64626e-05	0.000730594	-0.00531738	
43.82	0.000460084	0.00138803	0.00153135	1.67669e-05	0.00073407	-0.00530502	
43.82	0.000460084	0.00138803	0.00153135	1.67669e-05	0.00073407	-0.00530502	
43.83	0.00046214	0.00138518	0.00152822	1.62608e-05	0.000737119	-0.005293	
43.83	0.00046214	0.00138518	0.00152822	1.62608e-05	0.000737119	-0.005293	
43.84	0.000464206	0.0013828	0.00152486	1.68571e-05	0.000740147	-0.00527965	
43.84	0.000464206	0.0013828	0.00152486	1.68571e-05	0.000740147	-0.00527965	
43.85	0.000466298	0.00137978	0.0015217	1.65278e-05	0.000742135	-0.00526719	
43.85	0.000466298	0.00137978	0.0015217	1.65278e-05	0.000742135	-0.00526719	
43.86	0.000468302	0.00137725	0.00151814	1.68607e-05	0.000745543	-0.00525437	
43.86	0.000468302	0.00137725	0.00151814	1.68607e-05	0.000745543	-0.00525437	
43.87	0.000470391	0.00137413	0.00151488	1.66209e-05	0.000748477	-0.00524163	
43.87	0.000470391	0.00137413	0.00151488	1.66209e-05	0.000748477	-0.00524163	
43.88	0.000472489	0.00137154	0.00151114	1.69792e-05	0.000751622	-0.00522743	
43.88	0.000472489	0.00137154	0.00151114	1.69792e-05	0.000751622	-0.00522743	
43.89	0.000474416	0.00136834	0.00150776	1.64935e-05	0.000753941	-0.00521457	
43.89	0.000474416	0.00136834	0.00150776	1.64935e-05	0.000753941	-0.00521457	
43.9	0.000476484	0.00136561	0.00150399	1.69737e-05	0.000757436	-0.00520087	
43.9	0.000476484	0.00136561	0.00150399	1.69737e-05	0.000757436	-0.00520087	
43.91	0.000478421	0.00136223	0.00150053	1.67378e-05	0.000759813	-0.00518708	
43.91	0.000478421	0.00136223	0.00150053	1.67378e-05	0.000759813	-0.00518708	
43.92	0.000480461	0.00135936	0.00149657	1.68893e-05	0.000763271	-0.00517277	
43.92	0.000480461	0.00135936	0.00149657	1.68893e-05	0.000763271	-0.00517277	
43.93	0.000482496	0.00135594	0.00149301	1.68927e-05	0.000765279	-0.00515927	
43.93	0.000482496	0.00135594	0.00149301	1.68927e-05	0.000765279	-0.00515927	
43.94	0.000484411	0.00135306	0.00148911	1.72138e-05	0.000768199	-0.00514434	
43.94	0.000484411	0.00135306	0.00148911	1.72138e-05	0.000768199	-0.00514434	
43.95	0.000486475	0.00134939	0.00148539	1.68352e-05	0.00077089	-0.00513017	
43.95	0.000486475	0.00134939	0.00148539	1.68352e-05	0.00077089	-0.00513017	
43.96	0.00048833	0.00134646	0.00148135	1.73349e-05	0.000774065	-0.00511534	
43.96	0.00048833	0.00134646	0.00148135	1.73349e-05	0.000774065	-0.00511534	
43.97	0.000490306	0.00134276	0.00147775	1.68649e-05	0.000775632	-0.00510079	
43.97	0.000490306	0.00134276	0.00147775	1.68649e-05	0.000775632	-0.00510079	
43.98	0.000492169	0.00133976	0.00147351	1.71783e-05	0.000778996	-0.00508516	
43.98	0.000492169	0.00133976	0.00147351	1.71783e-05	0.000778996	-0.00508516	
43.99	0.000494069	0.00133597	0.00146969	1.68378e-05	0.000781301	-0.00507025	
43.99	0.000494069	0.00133597	0.00146969	1.68378e-05	0.000781301	-0.00507025	
44	0.000495958	0.00133267	0.00146552	1.75634e-05	0.000784305	-0.00505515	
44	0.000495958	0.00133267	0.00146552	1.75634e-05	0.000784305	-0.00505515	
44.01	0.000497758	0.00132902	0.00146151	1.70062e-05	0.000786129	-0.00503906	
44.01	0.000497758	0.00132902	0.00146151	1.70062e-05	0.000786129	-0.00503906	
44.02	0.000499702	0.00132553	0.00145711	1.72788e-05	0.000789526	-0.00502338	
44.02	0.000499702	0.00132553	0.00145711	1.72788e-05	0.000789526	-0.00502338	
44.03	0.000501557	0.00132165	0.00145317	1.72237e-05	0.000791347	-0.0050083	
44.03	0.000501557	0.00132165	0.00145317	1.72237e-05	0.000791347	-0.0050083	
44.04	0.00050339	0.00131816	0.00144864	1.74355e-05	0.000794401	-0.0049914	
44.04	0.00050339	0.00131816	0.00144864	1.74355e-05	0.000794401	-0.0049914	
44.05	0.000505178	0.00131418	0.00144455	1.6823e-05	0.000796407	-0.00497507	
44.05	0.000505178	0.00131418	0.00144455	1.6823e-05	0.000796407	-0.00497507	
44.06	0.000506986	0.0013106	0.00144011	1.74413e-05	0.000799353	-0.00495898	
44.06	0.000506986	0.0013106	0.00144011	1.74413e-05	0.000799353	-0.00495898	
44.07	0.000508706	0.00130658	0.00143594	1.71476e-05	0.000800705	-0.00494264	
44.07	0.000508706	0.00130658	0.00143594	1.71476e-05	0.000800705	-0.00494264	
44.08	0.000510543	0.00130296	0.00143133	1.73534e-05	0.000803304	-0.0049251	
44.08	0.000510543	0.00130296	0.00143133	1.73534e-05	0.000803304	-0.0049251	
44.09	0.000512252	0.00129867	0.00142715	1.74085e-05	0.000805279	-0.00490885	
44.09	0.000512252	0.00129867	0.00142715	1.74085e-05	0.000805279	-0.00490885	
44.1	0.000514008	0.00129492	0.00142242	1.75729e-05	0.000808261	-0.00489151	
44.1	0.000514008	0.00129492	0.00142242	1.75729e-05	0.000808261	-0.00489151	
44.11	0.000515747	0.00129059	0.00141811	1.70546e-05	0.000809629	-0.0048743	
44.11	0.000515747	0.00129059	0.00141811	1.70546e-05	0.000809629	-0.0048743	
44.12	0.000517527	0.0012867	0.00141324	1.73943e-05	0.00081237	-0.00485648	
44.12	0.000517527	0.0012867	0.00141324	1.73943e-05	0.00081237	-0.00485648	
44.13	0.0005192	0.00128229	0.00140882	1.75561e-05	0.000814695	-0.00483919	
44.13	0.0005192	0.00128229	0.00140882	1.75561e-05	0.000814695	-0.00483919	
44.14	0.000520858	0.00127831	0.00140386	1.77433e-05	0.000817438	-0.00482114	
44.14	0.000520858	0.00127831	0.00140386	1.77433e-05	0.000817438	-0.00482114	
44.15	0.000522574	0.00127383	0.00139933	1.71964e-05	0.000818542	-0.00480344	
44.15	0.000522574	0.00127383	0.00139933	1.71964e-05	0.000818542	-0.00480344	
44.16	0.000524283	0.00126965	0.00139416	1.75855e-05	0.000821446	-0.00478515	
44.16	0.000524283	0.00126965	0.00139416	1.75855e-05	0.000821446	-0.00478515	
44.17	0.000525936	0.00126504	0.00138955	1.75982e-05	0.000823135	-0.00476717	
44.17	0.000525936	0.00126504	0.00138955	1.75982e-05	0.000823135	-0.00476717	
44.18	0.00052753	0.00126093	0.00138441	1.74298e-05	0.00082583	-0.00474813	
44.18	0.00052753	0.00126093	0.00138441	1.74298e-05	0.00082583	-0.00474813	
44.19	0.000529198	0.00125624	0.00137967	1.71012e-05	0.000827111	-0.00472972	
44.19	0.000529198	0.00125624	0.00137967	1.71012e-05	0.000827111	-0.00472972	
44.2	0.000530834	0.00125192	0.00137434	1.79005e-05	0.000830434	-0.00471089	
44.2	0.000530834	0.00125192	0.00137434	1.79005e-05	0.000830434	-0.00471089	
44.21	0.000532424	0.00124711	0.00136954	1.73175e-05	0.000831433	-0.00469251	
44.21	0.000532424	0.00124711	0.00136954	1.73175e-05	0.000831433	-0.00469251	
44.22	0.000534023	0.00124264	0.00136441	1.78475e-05	0.000833295	-0.00467269	
44.22	0.000534023	0.00124264	0.00136441	1.78475e-05	0.000833295	-0.00467269	
44.23	0.000535596	0.00123778	0.00135928	1.76309e-05	0.000835577	-0.00465361	
44.23	0.000535596	0.00123778	0.00135928	1.76309e-05	0.000835577	-0.00465361	
44.24	0.000537183	0.00123337	0.00135387	1.76451e-05	0.000838321	-0.00463361	
44.24	0.000537183	0.00123337	0.00135387	1.76451e-05	0.000838321	-0.00463361	
44.25	0.000538717	0.00122827	0.00134897	1.74203e-05	0.000838549	-0.00461452	
44.25	0.000538717	0.00122827	0.00134897	1.74203e-05	0.000838549	-0.00461452	
44.26	0.000540261	0.00122366	0.00134335	1.81117e-05	0.000841379	-0.00459458	
44.26	0.000540261	0.00122366	0.00134335	1.81117e-05	0.000841379	-0.00459458	
44.27	0.000541805	0.0012185	0.00133827	1.76386e-05	0.000843147	-0.00457517	
44.27	0.000541805	0.0012185	0.00133827	1.76386e-05	0.000843147	-0.00457517	
44.28	0.000543305	0.00121387	0.00133263	1.78699e-05	0.000845533	-0.00455381	
44.28	0.000543305	0.00121387	0.00133263	1.78699e-05	0.000845533	-0.00455381	
44.29	0.000544751	0.0012086	0.00132753	1.70582e-05	0.000845875	-0.00453404	
44.29	0.000544751	0.0012086	0.00132753	1.70582e-05	0.000845875	-0.00453404	
44.3	0.000546275	0.00120382	0.00132178	1.79792e-05	0.00084836	-0.00451339	
44.3	0.000546275	0.00120382	0.00132178	1.79792e-05	0.00084836	-0.00451339	
44.31	0.000547682	0.00119848	0.00131655	1.77561e-05	0.000849515	-0.00449333	
44.31	0.000547682	0.00119848	0.00131655	1.77561e-05	0.000849515	-0.00449333	
44.32	0.000549148	0.00119368	0.00131065	1.76492e-05	0.000851797	-0.00447131	
44.32	0.000549148	0.00119368	0.00131065	1.76492e-05	0.000851797	-0.00447131	
44.33	0.000550623	0.0011882	0.0013051	1.72635e-05	0.000853313	-0.00445107	
44.33	0.000550623	0.0011882	0.0013051	1.72635e-05	0.000853313	-0.00445107	
44.34	0.000551961	0.00118326	0.00129934	1.81506e-05	0.000855325	-0.00442969	
44.34	0.000551961	0.00118326	0.00129934	1.81506e-05	0.000855325	-0.00442969	
44.35	0.00055335	0.00117773	0.00129376	1.77303e-05	0.000856138	-0.00440852	
44.35	0.00055335	0.00117773	0.00129376	1.77303e-05	0.000856138	-0.00440852	
44.36	0.000554745	0.00117267	0.00128776	1.7863e-05	0.000858514	-0.00438666	
44.36	0.000554745	0.00117267	0.00128776	1.7863e-05	0.000858514	-0.00438666	
44.37	0.00055612	0.00116695	0.0012822	1.75551e-05	0.000859571	-0.0043654	
44.37	0.00055612	0.00116695	0.0012822	1.75551e-05	0.000859571	-0.0043654	
44.38	0.000557533	0.00116169	0.001276	1.80859e-05	0.000861861	-0.00434355	
44.38	0.000557533	0.00116169	0.001276	1.80859e-05	0.000861861	-0.00434355	
44.39	0.000558766	0.00115613	0.00127048	1.75189e-05	0.000861686	-0.00432113	
44.39	0.000558766	0.00115613	0.00127048	1.75189e-05	0.000861686	-0.00432113	
44.4	0.000560124	0.00115085	0.00126411	1.77919e-05	0.000864314	-0.00429853	
44.4	0.000560124	0.00115085	0.00126411	1.77919e-05	0.000864314	-0.00429853	
44.41	0.000561444	0.00114488	0.00125851	1.76444e-05	0.000864957	-0.00427691	
44.41	0.000561444	0.00114488	0.00125851	1.76444e-05	0.000864957	-0.00427691	
44.42	0.000562776	0.00113949	0.00125199	1.80145e-05	0.000867424	-0.0042543	
44.42	0.000562776	0.00113949	0.00125199	1.80145e-05	0.000867424	-0.0042543	
44.43	0.000563907	0.0011337	0.00124616	1.74756e-05	0.000867826	-0.00423133	
44.43	0.000563907	0.0011337	0.00124616	1.74756e-05	0.000867826	-0.00423133	
44.44	0.000565254	0.00112825	0.00123967	1.79128e-05	0.000870021	-0.00420832	
44.44	0.000565254	0.00112825	0.00123967	1.79128e-05	0.000870021	-0.00420832	
44.45	0.0005665	0.00112211	0.00123367	1.77071e-05	0.000870959	-0.00418593	
44.45	0.0005665	0.00112211	0.00123367	1.77071e-05	0.000870959	-0.00418593	
44.46	0.000567655	0.00111657	0.00122713	1.76573e-05	0.000872566	-0.00416219	
44.46	0.000567655	0.00111657	0.00122713	1.76573e-05	0.000872566	-0.00416219	
44.47	0.000568985	0.00111036	0.00122109	1.74924e-05	0.000872604	-0.00413875	
44.47	0.000568985	0.00111036	0.00122109	1.74924e-05	0.000872604	-0.00413875	
44.48	0.000570118	0.00110475	0.00121443	1.80222e-05	0.000874939	-0.00411504	
44.48	0.000570118	0.00110475	0.00121443	1.80222e-05	0.000874939	-0.00411504	
44.49	0.000571336	0.00109845	0.00120832	1.77718e-05	0.000875212	-0.00409192	
44.49	0.000571336	0.00109845	0.00120832	1.77718e-05	0.000875212	-0.00409192	
44.5	0.000572567	0.00109267	0.00120148	1.77934e-05	0.00087742	-0.00406784	
44.5	0.000572567	0.00109267	0.00120148	1.77934e-05	0.00087742	-0.00406784	
44.51	0.000573684	0.00108638	0.00119531	1.77651e-05	0.00087746	-0.00404408	
44.51	0.000573684	0.00108638	0.00119531	1.77651e-05	0.00087746	-0.00404408	
44.52	0.000574805	0.00108041	0.00118875	1.85366e-05	0.000878691	-0.00401943	
44.52	0.000574805	0.00108041	0.00118875	1.85366e-05	0.000878691	-0.00401943	
44.53	0.000575941	0.00107394	0.00118217	1.76975e-05	0.000879701	-0.00399534	
44.53	0.000575941	0.00107394	0.00118217	1.76975e-05	0.000879701	-0.00399534	
44.54	0.000577048	0.00106798	0.00117508	1.77731e-05	0.000881905	-0.00397042	
44.54	0.000577048	0.00106798	0.00117508	1.77731e-05	0.000881905	-0.00397042	
44.55	0.000578117	0.00106144	0.00116867	1.75053e-05	0.00088156	-0.00394628	
44.55	0.000578117	0.00106144	0.00116867	1.75053e-05	0.00088156	-0.00394628	
44.56	0.00057927	0.00105537	0.00116144	1.80998e-05	0.000883531	-0.00392111	
44.56	0.00057927	0.00105537	0.00116144	1.80998e-05	0.000883531	-0.00392111	
44.57	0.000580278	0.00104875	0.00115497	1.78749e-05	0.000884119	-0.00389588	
44.57	0.000580278	0.00104875	0.00115497	1.78749e-05	0.000884119	-0.00389588	
44.58	0.000581375	0.00104256	0.00114794	1.83444e-05	0.00088499	-0.00387054	
44.58	0.000581375	0.00104256	0.00114794	1.83444e-05	0.00088499	-0.00387054	
44.59	0.000582327	0.0010359	0.00114111	1.77488e-05	0.000885243	-0.00384547	
44.59	0.000582327	0.0010359	0.00114111	1.77488e-05	0.000885243	-0.00384547	
44.6	0.000583562	0.00102945	0.00113391	1.83454e-05	0.000887228	-0.00381988	
44.6	0.000583562	0.00102945	0.00113391	1.83454e-05	0.000887228	-0.00381988	
44.61	0.000584427	0.00102269	0.00112709	1.78236e-05	0.000886951	-0.0037942	
44.61	0.000584427	0.00102269	0.00112709	1.78236e-05	0.000886951	-0.0037942	
44.62	0.00058536	0.00101632	0.00111983	1.78012e-05	0.000888058	-0.00376764	
44.62	0.00058536	0.00101632	0.00111983	1.78012e-05	0.000888058	-0.00376764	
44.63	0.000586275	0.00100938	0.00111305	1.81053e-05	0.000888483	-0.00374232	
44.63	0.000586275	0.00100938	0.00111305	1.81053e-05	0.000888483	-0.00374232	
44.64	0.000587408	0.00100287	0.00110526	1.82995e-05	0.00089065	-0.00371589	
44.64	0.000587408	0.00100287	0.00110526	1.82995e-05	0.00089065	-0.00371589	
44.65	0.000588199	0.000995874	0.00109843	1.80449e-05	0.000889866	-0.00368974	
44.65	0.000588199	0.000995874	0.00109843	1.80449e-05	0.000889866	-0.00368974	
44.66	0.000589228	0.000989316	0.00109099	1.82685e-05	0.000890603	-0.00366262	
44.66	0.000589228	0.000989316	0.00109099	1.82685e-05	0.000890603	-0.00366262	
44.67	0.000589941	0.000982243	0.00108393	1.78796e-05	0.000890794	-0.00363598	
44.67	0.000589941	0.000982243	0.00108393	1.78796e-05	0.000890794	-0.00363598	
44.68	0.000590834	0.000975459	0.00107619	1.80042e-05	0.000892294	-0.00360911	
44.68	0.000590834	0.000975459	0.00107619	1.80042e-05	0.000892294	-0.00360911	
44.69	0.000591694	0.000968307	0.00106914	1.80891e-05	0.000891791	-0.00358254	
44.69	0.000591694	0.000968307	0.00106914	1.80891e-05	0.000891791	-0.00358254	
44.7	0.000592671	0.000961538	0.0010613	1.86437e-05	0.000892956	-0.00355476	
44.7	0.000592671	0.000961538	0.0010613	1.86437e-05	0.000892956	-0.00355476	
44.71	0.000593497	0.000954101	0.00105401	1.80215e-05	0.000892897	-0.00352809	
44.71	0.000593497	0.000954101	0.00105401	1.80215e-05	0.000892897	-0.00352809	
44.72	0.000594331	0.000947287	0.0010461	1.80835e-05	0.000894327	-0.00349985	
44.72	0.000594331	0.000947287	0.0010461	1.80835e-05	0.000894327	-0.00349985	
44.73	0.000595146	0.000939788	0.00103873	1.82286e-05	0.000893538	-0.0034725	
44.73	0.000595146	0.000939788	0.00103873	1.82286e-05	0.000893538	-0.0034725	
44.74	0.000595949	0.000932785	0.00103068	1.88189e-05	0.000894788	-0.00344451	
44.74	0.000595949	0.000932785	0.00103068	1.88189e-05	0.000894788	-0.00344451	
44.75	0.000596695	0.000925294	0.00102319	1.81668e-05	0.000894616	-0.0034168	
44.75	0.000596695	0.000925294	0.00102319	1.81668e-05	0.000894616	-0.0034168	
44.76	0.00059739	0.000918279	0.00101524	1.82615e-05	0.0008952	-0.00338793	
44.76	0.00059739	0.000918279	0.00101524	1.82615e-05	0.0008952	-0.00338793	
44.77	0.000598161	0.00091065	0.00100747	1.82849e-05	0.000895171	-0.00335995	
44.77	0.000598161	0.00091065	0.00100747	1.82849e-05	0.000895171	-0.00335995	
44.78	0.00059893	0.000903446	0.000999372	1.87913e-05	0.0008961	-0.00333082	
44.78	0.00059893	0.000903446	0.000999372	1.87913e-05	0.0008961	-0.00333082	
44.79	0.000599459	0.000895753	0.000991646	1.83077e-05	0.000895438	-0.00330291	
44.79	0.000599459	0.000895753	0.000991646	1.83077e-05	0.000895438	-0.00330291	
44.8	0.00060021	0.000888439	0.000983416	1.85745e-05	0.000896155	-0.00327355	
44.8	0.00060021	0.000888439	0.000983416	1.85745e-05	0.000896155	-0.00327355	
44.81	0.000600859	0.000880662	0.00097547	1.86189e-05	0.000895953	-0.00324485	
44.81	0.000600859	0.000880662	0.00097547	1.86189e-05	0.000895953	-0.00324485	
44.82	0.000601507	0.000873327	0.000967027	1.85307e-05	0.000896898	-0.00321521	
44.82	0.000601507	0.000873327	0.000967027	1.85307e-05	0.000896898	-0.00321521	
44.83	0.000602085	0.000865428	0.00095915	1.82932e-05	0.000895715	-0.00318612	
44.83	0.000602085	0.000865428	0.00095915	1.82932e-05	0.000895715	-0.00318612	
44.84	0.000602727	0.00085788	0.000950745	1.91016e-05	0.000896281	-0.00315644	
44.84	0.000602727	0.00085788	0.000950745	1.91016e-05	0.000896281	-0.00315644	
44.85	0.000603218	0.000849988	0.000942762	1.86353e-05	0.000895684	-0.00312661	
44.85	0.000603218	0.000849988	0.000942762	1.86353e-05	0.000895684	-0.00312661	
44.86	0.0006039	0.000842363	0.000934104	1.8759e-05	0.000896445	-0.0030967	
44.86	0.0006039	0.000842363	0.000934104	1.8759e-05	0.000896445	-0.0030967	
44.87	0.000604495	0.000834243	0.000925958	1.86657e-05	0.000895801	-0.00306729	
44.87	0.000604495	0.000834243	0.000925958	1.86657e-05	0.000895801	-0.00306729	
44.88	0.000604962	0.000826523	0.000917256	1.88313e-05	0.000896514	-0.00303654	
44.88	0.000604962	0.000826523	0.000917256	1.88313e-05	0.000896514	-0.00303654	
44.89	0.000605472	0.000818506	0.000908844	1.85233e-05	0.000895614	-0.00300617	
44.89	0.000605472	0.000818506	0.000908844	1.85233e-05	0.000895614	-0.00300617	
44.9	0.000605999	0.000810625	0.000900183	1.91432e-05	0.000895846	-0.00297532	
44.9	0.000605999	0.000810625	0.000900183	1.91432e-05	0.000895846	-0.00297532	
44.91	0.000606468	0.000802372	0.000891637	1.86872e-05	0.000895361	-0.00294542	
44.91	0.000606468	0.000802372	0.000891637	1.86872e-05	0.000895361	-0.00294542	
44.92	0.000606921	0.000794507	0.000883013	1.91938e-05	0.00089513	-0.00291392	
44.92	0.000606921	0.000794507	0.000883013	1.91938e-05	0.00089513	-0.00291392	
44.93	0.000607312	0.000786224	0.000874459	1.90198e-05	0.000893929	-0.00288294	
44.93	0.000607312	0.000786224	0.000874459	1.90198e-05	0.000893929	-0.00288294	
44.94	0.00060781	0.000778251	0.000865416	1.91961e-05	0.000894877	-0.00285158	
44.94	0.00060781	0.000778251	0.000865416	1.91961e-05	0.000894877	-0.00285158	
44.95	0.000608149	0.000769782	0.000856749	1.89842e-05	0.00089406	-0.00282085	
44.95	0.000608149	0.000769782	0.000856749	1.89842e-05	0.00089406	-0.00282085	
44.96	0.000608508	0.000761723	0.000847762	1.94721e-05	0.000893582	-0.00278852	
44.96	0.000608508	0.000761723	0.000847762	1.94721e-05	0.000893582	-0.00278852	
44.97	0.000608976	0.000753104	0.000839177	1.91139e-05	0.00089219	-0.0027573	
44.97	0.000608976	0.000753104	0.000839177	1.91139e-05	0.00089219	-0.0027573	
44.98	0.00060929	0.000744942	0.000829932	1.94972e-05	0.000892955	-0.00272529	
44.98	0.00060929	0.000744942	0.000829932	1.94972e-05	0.000892955	-0.00272529	
44.99	0.000609558	0.000736309	0.000821099	1.89988e-05	0.000891877	-0.00269354	
44.99	0.000609558	0.000736309	0.000821099	1.89988e-05	0.000891877	-0.00269354	
45	0.000610002	0.000728021	0.000811753	1.96882e-05	0.000891809	-0.00266101	
45	0.000610002	0.000728021	0.000811753	1.96882e-05	0.000891809	-0.00266101	
45.01	0.000610209	0.000719393	0.000802779	1.92439e-05	0.000890593	-0.00262853	
45.01	0.000610209	0.000719393	0.000802779	1.92439e-05	0.000890593	-0.00262853	
45.02	0.000610592	0.000710904	0.000793453	1.98136e-05	0.000890784	-0.0025962	
45.02	0.000610592	0.000710904	0.000793453	1.98136e-05	0.000890784	-0.0025962	
45.03	0.000610805	0.000702123	0.000784333	1.98124e-05	0.000889247	-0.0025641	
45.03	0.000610805	0.000702123	0.000784333	1.98124e-05	0.000889247	-0.0025641	
45.04	0.000610981	0.000693677	0.00077481	1.99146e-05	0.000889357	-0.00253044	
45.04	0.000610981	0.000693677	0.00077481	1.99146e-05	0.000889357	-0.00253044	
45.05	0.000611246	0.00068474	0.000765719	1.95825e-05	0.000887819	-0.00249766	
45.05	0.000611246	0.00068474	0.000765719	1.95825e-05	0.000887819	-0.00249766	
45.06	0.000611301	0.000676293	0.000756205	1.9779e-05	0.000887284	-0.00246432	
45.06	0.000611301	0.000676293	0.000756205	1.9779e-05	0.000887284	-0.00246432	
45.07	0.000611632	0.000667169	0.000746703	1.96914e-05	0.000886498	-0.00243127	
45.07	0.000611632	0.000667169	0.000746703	1.96914e-05	0.000886498	-0.00243127	
45.08	0.000611786	0.000658549	0.000737174	2.03378e-05	0.000886086	-0.00239752	
45.08	0.000611786	0.000658549	0.000737174	2.03378e-05	0.000886086	-0.00239752	
45.09	0.000611719	0.000649495	0.000727823	2.00773e-05	0.000884189	-0.00236397	
45.09	0.000611719	0.000649495	0.000727823	2.00773e-05	0.000884189	-0.00236397	
45.1	0.000612024	0.000640703	0.000717784	2.00887e-05	0.000884416	-0.0023298	
45.1	0.000612024	0.000640703	0.000717784	2.00887e-05	0.000884416	-0.0023298	
45.11	0.000612111	0.000631542	0.000708389	2.00536e-05	0.000882927	-0.00229613	
45.11	0.000612111	0.000631542	0.000708389	2.00536e-05	0.000882927	-0.00229613	
45.12	0.000612251	0.000622621	0.000698405	2.04746e-05	0.000882517	-0.00226192	
45.12	0.000612251	0.000622621	0.000698405	2.04746e-05	0.000882517	-0.00226192	
45.13	0.000612117	0.000613447	0.000688948	2.02021e-05	0.000880255	-0.00222758	
45.13	0.000612117	0.000613447	0.000688948	2.02021e-05	0.000880255	-0.00222758	
45.14	0.00061229	0.000604525	0.000678869	2.06453e-05	0.00088	-0.00219264	
45.14	0.00061229	0.000604525	0.000678869	2.06453e-05	0.00088	-0.00219264	
45.15	0.000612198	0.000595198	0.000669089	2.02174e-05	0.000878702	-0.00215817	
45.15	0.000612198	0.000595198	0.000669089	2.02174e-05	0.000878702	-0.00215817	
45.16	0.000612257	0.000586058	0.000658996	2.07002e-05	0.000878015	-0.00212367	
45.16	0.000612257	0.000586058	0.000658996	2.07002e-05	0.000878015	-0.00212367	
45.17	0.000612211	0.000576679	0.000649204	2.0607e-05	0.000875819	-0.00208837	
45.17	0.000612211	0.000576679	0.000649204	2.0607e-05	0.000875819	-0.00208837	
45.18	0.000612164	0.000567571	0.000638772	2.09652e-05	0.000875425	-0.00205265	
45.18	0.000612164	0.000567571	0.000638772	2.09652e-05	0.000875425	-0.00205265	
45.19	0.000612034	0.000557936	0.000629002	2.04723e-05	0.000873735	-0.00201797	
45.19	0.000612034	0.000557936	0.000629002	2.04723e-05	0.000873735	-0.00201797	
45.2	0.000612112	0.000548746	0.000618666	2.12672e-05	0.000872812	-0.00198248	
45.2	0.000612112	0.000548746	0.000618666	2.12672e-05	0.000872812	-0.00198248	
45.21	0.000611934	0.000539116	0.000608552	2.10432e-05	0.000870929	-0.00194694	
45.21	0.000611934	0.000539116	0.000608552	2.10432e-05	0.000870929	-0.00194694	
45.22	0.000611738	0.000529928	0.000598192	2.11336e-05	0.000869721	-0.00191031	
45.22	0.000611738	0.000529928	0.000598192	2.11336e-05	0.000869721	-0.00191031	
45.23	0.0006115	0.000520216	0.000587944	2.09669e-05	0.000868037	-0.00187477	
45.23	0.0006115	0.000520216	0.000587944	2.09669e-05	0.000868037	-0.00187477	
45.24	0.000611432	0.000510799	0.000577402	2.15901e-05	0.000867233	-0.00183824	
45.24	0.000611432	0.000510799	0.000577402	2.15901e-05	0.000867233	-0.00183824	
45.25	0.000611204	0.000500951	0.000567108	2.14208e-05	0.000865389	-0.00180228	
45.25	0.000611204	0.000500951	0.000567108	2.14208e-05	0.000865389	-0.00180228	
45.26	0.000611049	0.000491426	0.000556441	2.15467e-05	0.00086399	-0.0017656	
45.26	0.000611049	0.000491426	0.000556441	2.15467e-05	0.00086399	-0.0017656	
45.27	0.000610834	0.000481486	0.000546207	2.16435e-05	0.00086153	-0.00172925	
45.27	0.000610834	0.000481486	0.000546207	2.16435e-05	0.00086153	-0.00172925	
45.28	0.000610558	0.000471966	0.000535329	2.18531e-05	0.00086093	-0.00169174	
45.28	0.000610558	0.000471966	0.000535329	2.18531e-05	0.00086093	-0.00169174	
45.29	0.000610293	0.000461966	0.000524848	2.1561e-05	0.00085883	-0.00165527	
45.29	0.000610293	0.000461966	0.000524848	2.1561e-05	0.00085883	-0.00165527	
45.3	0.000609983	0.000452381	0.000513781	2.18551e-05	0.000857885	-0.00161806	
45.3	0.000609983	0.000452381	0.000513781	2.18551e-05	0.000857885	-0.00161806	
45.31	0.000609662	0.000442214	0.000503343	2.19378e-05	0.000855133	-0.00158074	
45.31	0.000609662	0.000442214	0.000503343	2.19378e-05	0.000855133	-0.00158074	
45.32	0.000609373	0.000432394	0.000492143	2.21474e-05	0.000854439	-0.00154334	
45.32	0.000609373	0.000432394	0.000492143	2.21474e-05	0.000854439	-0.00154334	
45.33	0.000609072	0.000422318	0.000481399	2.21757e-05	0.000852214	-0.00150586	
45.33	0.000609072	0.000422318	0.000481399	2.21757e-05	0.000852214	-0.00150586	
45.34	0.000608653	0.000412388	0.000470345	2.27039e-05	0.000850881	-0.00146751	
45.34	0.000608653	0.000412388	0.000470345	2.27039e-05	0.000850881	-0.00146751	
45.35	0.000608086	0.000402138	0.000459598	2.21087e-05	0.00084778	-0.00142979	
45.35	0.000608086	0.000402138	0.000459598	2.21087e-05	0.00084778	-0.00142979	
45.36	0.000607715	0.000392275	0.000448257	2.25374e-05	0.000846977	-0.00139125	
45.36	0.000607715	0.000392275	0.000448257	2.25374e-05	0.000846977	-0.00139125	
45.37	0.000607178	0.000381969	0.000437591	2.27942e-05	0.000844145	-0.00135324	
45.37	0.000607178	0.000381969	0.000437591	2.27942e-05	0.000844145	-0.00135324	
45.38	0.000606922	0.000371834	0.000426054	2.28936e-05	0.00084277	-0.00131468	
45.38	0.000606922	0.000371834	0.000426054	2.28936e-05	0.00084277	-0.00131468	
45.39	0.000606207	0.00036154	0.000415143	2.26341e-05	0.000839878	-0.00127595	
45.39	0.000606207	0.00036154	0.000415143	2.26341e-05	0.000839878	-0.00127595	
45.4	0.000605722	0.000351397	0.000403565	2.31312e-05	0.000838654	-0.00123685	
45.4	0.000605722	0.000351397	0.000403565	2.31312e-05	0.000838654	-0.00123685	
45.41	0.000605353	0.000340655	0.000392429	2.30525e-05	0.000835962	-0.00119899	
45.41	0.000605353	0.000340655	0.000392429	2.30525e-05	0.000835962	-0.00119899	
45.42	0.000604771	0.00033048	0.000380897	2.33386e-05	0.000834533	-0.00115935	
45.42	0.000604771	0.00033048	0.000380897	2.33386e-05	0.000834533	-0.00115935	
45.43	0.000604041	0.000319972	0.000369653	2.31811e-05	0.000831159	-0.00111949	
45.43	0.000604041	0.000319972	0.000369653	2.31811e-05	0.000831159	-0.00111949	
45.44	0.000603486	0.000309726	0.000357987	2.37533e-05	0.000829703	-0.00107977	
45.44	0.000603486	0.000309726	0.000357987	2.37533e-05	0.000829703	-0.00107977	
45.45	0.000602811	0.000298984	0.000346709	2.36873e-05	0.000827068	-0.00104104	
45.45	0.000602811	0.000298984	0.000346709	2.36873e-05	0.000827068	-0.00104104	
45.46	0.000602275	0.000288565	0.000334753	2.36719e-05	0.000825557	-0.00100102	
45.46	0.000602275	0.000288565	0.000334753	2.36719e-05	0.000825557	-0.00100102	
45.47	0.000601483	0.000277787	0.000323361	2.35659e-05	0.000822578	-0.000960408	
45.47	0.000601483	0.000277787	0.000323361	2.35659e-05	0.000822578	-0.000960408	
45.48	0.000600755	0.000267332	0.000311463	2.42328e-05	0.000820358	-0.000920213	
45.48	0.000600755	0.000267332	0.000311463	2.42328e-05	0.000820358	-0.000920213	
45.49	0.00060007	0.000256449	0.000299649	2.39956e-05	0.000817739	-0.000880839	
45.49	0.00060007	0.000256449	0.000299649	2.39956e-05	0.000817739	-0.000880839	
45.5	0.000599419	0.000245872	0.000287763	2.4157e-05	0.000815888	-0.00083944	
45.5	0.000599419	0.000245872	0.000287763	2.4157e-05	0.000815888	-0.00083944	
45.51	0.000598614	0.000234882	0.000276125	2.42877e-05	0.000812417	-0.000799357	
45.51	0.000598614	0.000234882	0.000276125	2.42877e-05	0.000812417	-0.000799357	
45.52	0.00059789	0.000224117	0.000263883	2.46945e-05	0.000810851	-0.000758739	
45.52	0.00059789	0.000224117	0.000263883	2.46945e-05	0.000810851	-0.000758739	
45.53	0.000597041	0.000213248	0.000252177	2.43649e-05	0.000807475	-0.000717147	
45.53	0.000597041	0.000213248	0.000252177	2.43649e-05	0.000807475	-0.000717147	
45.54	0.000596265	0.000202402	0.000239836	2.46565e-05	0.000805886	-0.000675951	
45.54	0.000596265	0.000202402	0.000239836	2.46565e-05	0.000805886	-0.000675951	
45.55	0.000595398	0.000191327	0.000227926	2.50583e-05	0.000802023	-0.000635358	
45.55	0.000595398	0.000191327	0.000227926	2.50583e-05	0.000802023	-0.000635358	
45.56	0.000594486	0.000180532	0.000215506	2.49739e-05	0.000799784	-0.000593286	
45.56	0.000594486	0.000180532	0.000215506	2.49739e-05	0.000799784	-0.000593286	
45.57	0.000593559	0.000169254	0.000203485	2.49245e-05	0.000797023	-0.000552049	
45.57	0.000593559	0.000169254	0.000203485	2.49245e-05	0.000797023	-0.000552049	
45.58	0.000592624	0.00015836	0.000191149	2.54444e-05	0.000794468	-0.000510175	
45.58	0.000592624	0.00015836	0.000191149	2.54444e-05	0.000794468	-0.000510175	
45.59	0.000591628	0.000147031	0.000179167	2.54201e-05	0.000790242	-0.000468585	
45.59	0.000591628	0.000147031	0.000179167	2.54201e-05	0.000790242	-0.000468585	
45.6	0.000590739	0.000136021	0.00016647	2.55915e-05	0.000788649	-0.000425581	
45.6	0.000590739	0.000136021	0.00016647	2.55915e-05	0.000788649	-0.000425581	
45.61	0.000589567	0.000124811	0.00015425	2.53069e-05	0.000785181	-0.000383246	
45.61	0.000589567	0.000124811	0.00015425	2.53069e-05	0.000785181	-0.000383246	
45.62	0.000588653	0.000113533	0.000141446	2.6086e-05	0.000783373	-0.000341336	
45.62	0.000588653	0.000113533	0.000141446	2.6086e-05	0.000783373	-0.000341336	
45.63	0.000587611	0.000102143	0.000129127	2.60075e-05	0.00077932	-0.000299048	
45.63	0.000587611	0.000102143	0.000129127	2.60075e-05	0.00077932	-0.000299048	
45.64	0.000586592	9.09266e-05	0.000116294	2.62379e-05	0.000776711	-0.000255425	
45.64	0.000586592	9.09266e-05	0.000116294	2.62379e-05	0.000776711	-0.000255425	
45.65	0.000585361	7.94044e-05	0.000103917	2.61963e-05	0.000773021	-0.00021252	
45.65	0.000585361	7.94044e-05	0.000103917	2.61963e-05	0.000773021	-0.00021252	
45.66	0.000584393	6.80963e-05	9.09876e-05	2.65148e-05	0.00077033	-0.000169392	
45.66	0.000584393	6.80963e-05	9.09876e-05	2.65148e-05	0.00077033	-0.000169392	
45.67	0.000583102	5.65341e-05	7.84563e-05	2.62424e-05	0.000766845	-0.00012628	
45.67	0.000583102	5.65341e-05	7.84563e-05	2.62424e-05	0.000766845	-0.00012628	
45.68	0.000581924	4.52085e-05	6.53415e-05	2.65362e-05	0.00076447	-8.24179e-05	
45.68	0.000581924	4.52085e-05	6.53415e-05	2.65362e-05	0.00076447	-8.24179e-05	
45.69	0.000580788	3.34182e-05	5.27986e-05	2.7134e-05	0.000760202	-3.93778e-05	
45.69	0.000580788	3.34182e-05	5.27986e-05	2.7134e-05	0.000760202	-3.93778e-05	
45.7	0.000579539	2.20078e-05	3.97497e-05	2.7453e-05	0.000757244	4.78903e-06	
45.7	0.000579539	2.20078e-05	3.97497e-05	2.7453e-05	0.000757244	4.78903e-06	
45.71	0.000578268	1.0192e-05	2.67732e-05	2.70328e-05	0.000753917	4.85779e-05	
45.71	0.000578268	1.0192e-05	2.67732e-05	2.70328e-05	0.000753917	4.85779e-05	
45.72	0.000577046	-1.29246e-06	1.34795e-05	2.70915e-05	0.000751475	9.30433e-05	
45.72	0.000577046	-1.29246e-06	1.34795e-05	2.70915e-05	0.000751475	9.30433e-05	
45.73	0.000575696	-1.30502e-05	8.31673e-07	2.75344e-05	0.000746486	0.00013721	
45.73	0.000575696	-1.30502e-05	8.31673e-07	2.75344e-05	0.000746486	0.00013721	
45.74	0.000574491	-2.482e-05	-1.26841e-05	2.78947e-05	0.000744106	0.000181554	
45.74	0.000574491	-2.482e-05	-1.26841e-05	2.78947e-05	0.000744106	0.000181554	
45.75	0.000573133	-3.67735e-05	-2.56175e-05	2.76093e-05	0.000739914	0.000225899	
45.75	0.000573133	-3.67735e-05	-2.56175e-05	2.76093e-05	0.000739914	0.000225899	
45.76	0.000571719	-4.8404e-05	-3.90975e-05	2.78894e-05	0.00073692	0.000271372	
45.76	0.000571719	-4.8404e-05	-3.90975e-05	2.78894e-05	0.00073692	0.000271372	
45.77	0.000570348	-6.04627e-05	-5.22525e-05	2.80123e-05	0.000732958	0.000315793	
45.77	0.000570348	-6.04627e-05	-5.22525e-05	2.80123e-05	0.000732958	0.000315793	
45.78	0.000568899	-7.22578e-05	-6.58138e-05	2.8128e-05	0.000730189	0.00036105	
45.78	0.000568899	-7.22578e-05	-6.58138e-05	2.8128e-05	0.000730189	0.00036105	
45.79	0.000567548	-8.44253e-05	-7.90437e-05	2.82958e-05	0.000725833	0.000406229	
45.79	0.000567548	-8.44253e-05	-7.90437e-05	2.82958e-05	0.000725833	0.000406229	
45.8	0.000566049	-9.62346e-05	-9.26343e-05	2.89637e-05	0.000722265	0.000452053	
45.8	0.000566049	-9.62346e-05	-9.26343e-05	2.89637e-05	0.000722265	0.000452053	
45.81	0.000564534	-0.000108458	-0.000106055	2.84872e-05	0.000718429	0.000497568	
45.81	0.000564534	-0.000108458	-0.000106055	2.84872e-05	0.000718429	0.000497568	
