52.39	0	0	0	0	0	0	
52.39	0	0	0	0	0	0	
52.4	-2.85595e-06	2.83045e-06	-1.40669e-06	-4.79265e-07	2.37939e-06	-1.64468e-05	
52.4	-2.85595e-06	2.83045e-06	-1.40669e-06	-4.79265e-07	2.37939e-06	-1.64468e-05	
52.41	-0.000175217	0.000115783	0.000201511	8.88438e-05	-0.000332988	-0.000664653	
52.41	-0.000175217	0.000115783	0.000201511	8.88438e-05	-0.000332988	-0.000664653	
52.42	-0.000186733	0.00014414	0.000232609	9.28475e-05	-0.00035662	-0.000702443	
52.42	-0.000186733	0.00014414	0.000232609	9.28475e-05	-0.00035662	-0.000702443	
52.43	-0.000190049	0.000160213	0.000254908	4.83666e-05	-0.000200891	-0.000443934	
52.43	-0.000190049	0.000160213	0.000254908	4.83666e-05	-0.000200891	-0.000443934	
52.44	-0.000193938	0.00017281	0.000286225	4.37871e-05	-0.000223571	-0.000496481	
52.44	-0.000193938	0.00017281	0.000286225	4.37871e-05	-0.000223571	-0.000496481	
52.45	-0.000199003	0.000185229	0.00032128	6.41881e-05	-0.000343087	-0.000697579	
52.45	-0.000199003	0.000185229	0.00032128	6.41881e-05	-0.000343087	-0.000697579	
52.46	-0.000204283	0.000198836	0.000354379	6.51147e-05	-0.000367924	-0.000740216	
52.46	-0.000204283	0.000198836	0.000354379	6.51147e-05	-0.000367924	-0.000740216	
52.47	-0.000209425	0.000212732	0.000385985	5.37755e-05	-0.000341252	-0.000707684	
52.47	-0.000209425	0.000212732	0.000385985	5.37755e-05	-0.000341252	-0.000707684	
52.48	-0.000214143	0.000226679	0.000415854	5.18755e-05	-0.000358707	-0.000753624	
52.48	-0.000214143	0.000226679	0.000415854	5.18755e-05	-0.000358707	-0.000753624	
52.49	-0.000218248	0.000240911	0.000442128	5.66492e-05	-0.000394534	-0.000836163	
52.49	-0.000218248	0.000240911	0.000442128	5.66492e-05	-0.000394534	-0.000836163	
52.5	-0.000221379	0.000255546	0.000464191	5.67222e-05	-0.000399602	-0.00087861	
52.5	-0.000221379	0.000255546	0.000464191	5.67222e-05	-0.000399602	-0.00087861	
52.51	-0.000223563	0.000269686	0.000483182	5.41725e-05	-0.000389652	-0.000902986	
52.51	-0.000223563	0.000269686	0.000483182	5.41725e-05	-0.000389652	-0.000902986	
52.52	-0.00022473	0.000283279	0.000499866	5.33812e-05	-0.000391154	-0.000947769	
52.52	-0.00022473	0.000283279	0.000499866	5.33812e-05	-0.000391154	-0.000947769	
52.53	-0.000225012	0.000296102	0.00051401	5.44299e-05	-0.000395762	-0.00100256	
52.53	-0.000225012	0.000296102	0.00051401	5.44299e-05	-0.000395762	-0.00100256	
52.54	-0.00022446	0.000308419	0.000526095	5.42474e-05	-0.000390598	-0.00104764	
52.54	-0.00022446	0.000308419	0.000526095	5.42474e-05	-0.000390598	-0.00104764	
52.55	-0.000223169	0.00032017	0.000536371	5.32318e-05	-0.000381147	-0.00108813	
52.55	-0.000223169	0.00032017	0.000536371	5.32318e-05	-0.000381147	-0.00108813	
52.56	-0.000221202	0.000331152	0.000545079	5.27475e-05	-0.000373848	-0.00113434	
52.56	-0.000221202	0.000331152	0.000545079	5.27475e-05	-0.000373848	-0.00113434	
52.57	-0.000218629	0.000342015	0.000552035	5.32672e-05	-0.000365361	-0.00118233	
52.57	-0.000218629	0.000342015	0.000552035	5.32672e-05	-0.000365361	-0.00118233	
52.58	-0.000215625	0.000352135	0.000557768	5.30035e-05	-0.000353542	-0.00122884	
52.58	-0.000215625	0.000352135	0.000557768	5.30035e-05	-0.000353542	-0.00122884	
52.59	-0.000212269	0.000361811	0.000562594	5.27192e-05	-0.000340774	-0.00127419	
52.59	-0.000212269	0.000361811	0.000562594	5.27192e-05	-0.000340774	-0.00127419	
52.6	-0.000208685	0.000371213	0.000566586	5.24919e-05	-0.000328011	-0.00132086	
52.6	-0.000208685	0.000371213	0.000566586	5.24919e-05	-0.000328011	-0.00132086	
52.61	-0.000204935	0.000380465	0.000569951	5.28744e-05	-0.000314537	-0.00136751	
52.61	-0.000204935	0.000380465	0.000569951	5.28744e-05	-0.000314537	-0.00136751	
52.62	-0.000201112	0.000389299	0.000573355	5.2502e-05	-0.000301069	-0.00141397	
52.62	-0.000201112	0.000389299	0.000573355	5.2502e-05	-0.000301069	-0.00141397	
52.63	-0.000197347	0.000397955	0.000577273	5.24162e-05	-0.000289752	-0.00146011	
52.63	-0.000197347	0.000397955	0.000577273	5.24162e-05	-0.000289752	-0.00146011	
52.64	-0.000193754	0.00040654	0.00058153	5.22042e-05	-0.000278679	-0.001506	
52.64	-0.000193754	0.00040654	0.00058153	5.22042e-05	-0.000278679	-0.001506	
52.65	-0.000190463	0.000415072	0.000586611	5.21782e-05	-0.000267849	-0.0015515	
52.65	-0.000190463	0.000415072	0.000586611	5.21782e-05	-0.000267849	-0.0015515	
52.66	-0.000187439	0.000423535	0.000592879	5.17221e-05	-0.000260125	-0.00159694	
52.66	-0.000187439	0.000423535	0.000592879	5.17221e-05	-0.000260125	-0.00159694	
52.67	-0.000184921	0.00043224	0.00060009	5.18298e-05	-0.000253597	-0.00164192	
52.67	-0.000184921	0.00043224	0.00060009	5.18298e-05	-0.000253597	-0.00164192	
52.68	-0.00018273	0.000441172	0.000608439	5.14405e-05	-0.000247793	-0.00168581	
52.68	-0.00018273	0.000441172	0.000608439	5.14405e-05	-0.000247793	-0.00168581	
52.69	-0.000181112	0.000450329	0.000618028	5.12705e-05	-0.000243661	-0.00172895	
52.69	-0.000181112	0.000450329	0.000618028	5.12705e-05	-0.000243661	-0.00172895	
52.7	-0.000179903	0.000459602	0.000628699	5.08028e-05	-0.000241445	-0.00177212	
52.7	-0.000179903	0.000459602	0.000628699	5.08028e-05	-0.000241445	-0.00177212	
52.71	-0.000179239	0.000469501	0.000640909	5.04432e-05	-0.000241618	-0.001814	
52.71	-0.000179239	0.000469501	0.000640909	5.04432e-05	-0.000241618	-0.001814	
52.72	-0.000179139	0.000479291	0.000654144	4.99916e-05	-0.000242514	-0.00185537	
52.72	-0.000179139	0.000479291	0.000654144	4.99916e-05	-0.000242514	-0.00185537	
52.73	-0.000179566	0.000489587	0.000668757	4.97677e-05	-0.000244845	-0.00189634	
52.73	-0.000179566	0.000489587	0.000668757	4.97677e-05	-0.000244845	-0.00189634	
52.74	-0.000180343	0.000500031	0.000684475	4.92005e-05	-0.000249332	-0.00193672	
52.74	-0.000180343	0.000500031	0.000684475	4.92005e-05	-0.000249332	-0.00193672	
52.75	-0.000181501	0.00051044	0.000701098	4.85096e-05	-0.000254778	-0.00197665	
52.75	-0.000181501	0.00051044	0.000701098	4.85096e-05	-0.000254778	-0.00197665	
52.76	-0.000182944	0.000521309	0.000718366	4.7928e-05	-0.000260472	-0.00201593	
52.76	-0.000182944	0.000521309	0.000718366	4.7928e-05	-0.000260472	-0.00201593	
52.77	-0.000184529	0.000532155	0.000736299	4.71022e-05	-0.000267364	-0.00205468	
52.77	-0.000184529	0.000532155	0.000736299	4.71022e-05	-0.000267364	-0.00205468	
52.78	-0.000186243	0.000542818	0.000754538	4.66363e-05	-0.000274505	-0.00209367	
52.78	-0.000186243	0.000542818	0.000754538	4.66363e-05	-0.000274505	-0.00209367	
52.79	-0.000187882	0.000553772	0.000772484	4.62539e-05	-0.000280694	-0.00213208	
52.79	-0.000187882	0.000553772	0.000772484	4.62539e-05	-0.000280694	-0.00213208	
52.8	-0.000189425	0.000564366	0.00079037	4.55319e-05	-0.0002869	-0.0021704	
52.8	-0.000189425	0.000564366	0.00079037	4.55319e-05	-0.0002869	-0.0021704	
52.81	-0.000190656	0.000575001	0.000807724	4.47678e-05	-0.000293109	-0.00220856	
52.81	-0.000190656	0.000575001	0.000807724	4.47678e-05	-0.000293109	-0.00220856	
52.82	-0.000191648	0.000585582	0.000824081	4.41426e-05	-0.000297188	-0.00224657	
52.82	-0.000191648	0.000585582	0.000824081	4.41426e-05	-0.000297188	-0.00224657	
52.83	-0.000192161	0.00059585	0.000839346	4.35583e-05	-0.00029936	-0.00228435	
52.83	-0.000192161	0.00059585	0.000839346	4.35583e-05	-0.00029936	-0.00228435	
52.84	-0.00019218	0.000605895	0.000853524	4.26826e-05	-0.00030084	-0.00232238	
52.84	-0.00019218	0.000605895	0.000853524	4.26826e-05	-0.00030084	-0.00232238	
52.85	-0.000191746	0.000615971	0.000866142	4.23978e-05	-0.000300406	-0.00236012	
52.85	-0.000191746	0.000615971	0.000866142	4.23978e-05	-0.000300406	-0.00236012	
52.86	-0.000190704	0.000625681	0.000877278	4.16247e-05	-0.000297854	-0.00239756	
52.86	-0.000190704	0.000625681	0.000877278	4.16247e-05	-0.000297854	-0.00239756	
52.87	-0.000189144	0.000635353	0.000886862	4.17449e-05	-0.000293144	-0.00243514	
52.87	-0.000189144	0.000635353	0.000886862	4.17449e-05	-0.000293144	-0.00243514	
52.88	-0.000187045	0.000644591	0.000895045	4.07271e-05	-0.000287043	-0.00247304	
52.88	-0.000187045	0.000644591	0.000895045	4.07271e-05	-0.000287043	-0.00247304	
52.89	-0.000184524	0.000653828	0.000901816	4.04249e-05	-0.000279262	-0.00251078	
52.89	-0.000184524	0.000653828	0.000901816	4.04249e-05	-0.000279262	-0.00251078	
52.9	-0.000181517	0.000662576	0.000907593	4.00259e-05	-0.000270797	-0.00254806	
52.9	-0.000181517	0.000662576	0.000907593	4.00259e-05	-0.000270797	-0.00254806	
52.91	-0.000178171	0.000671432	0.000912365	3.9444e-05	-0.000261137	-0.00258534	
52.91	-0.000178171	0.000671432	0.000912365	3.9444e-05	-0.000261137	-0.00258534	
52.92	-0.000174638	0.000679933	0.000916385	3.9063e-05	-0.000250317	-0.00262281	
52.92	-0.000174638	0.000679933	0.000916385	3.9063e-05	-0.000250317	-0.00262281	
52.93	-0.000170881	0.000688216	0.00091997	3.88232e-05	-0.000239487	-0.00266047	
52.93	-0.000170881	0.000688216	0.00091997	3.88232e-05	-0.000239487	-0.00266047	
52.94	-0.000166971	0.000696355	0.000923253	3.81651e-05	-0.000229181	-0.0026975	
52.94	-0.000166971	0.000696355	0.000923253	3.81651e-05	-0.000229181	-0.0026975	
52.95	-0.000163065	0.000704598	0.00092653	3.76872e-05	-0.000218625	-0.00273419	
52.95	-0.000163065	0.000704598	0.00092653	3.76872e-05	-0.000218625	-0.00273419	
52.96	-0.000159283	0.000712426	0.000929888	3.71278e-05	-0.000207876	-0.00277113	
52.96	-0.000159283	0.000712426	0.000929888	3.71278e-05	-0.000207876	-0.00277113	
52.97	-0.00015556	0.000720576	0.000933765	3.70429e-05	-0.000198539	-0.00280719	
52.97	-0.00015556	0.000720576	0.000933765	3.70429e-05	-0.000198539	-0.00280719	
52.98	-0.000152006	0.000728101	0.00093817	3.6314e-05	-0.000190696	-0.00284412	
52.98	-0.000152006	0.000728101	0.00093817	3.6314e-05	-0.000190696	-0.00284412	
52.99	-0.000148801	0.000736023	0.000943216	3.6303e-05	-0.000182825	-0.00288036	
52.99	-0.000148801	0.000736023	0.000943216	3.6303e-05	-0.000182825	-0.00288036	
53	-0.000145813	0.000743577	0.000949098	3.57638e-05	-0.000176215	-0.00291619	
53	-0.000145813	0.000743577	0.000949098	3.57638e-05	-0.000176215	-0.00291619	
53.01	-0.000143133	0.000751273	0.000955927	3.53127e-05	-0.000171732	-0.0029515	
53.01	-0.000143133	0.000751273	0.000955927	3.53127e-05	-0.000171732	-0.0029515	
53.02	-0.000140784	0.000759006	0.000963493	3.49132e-05	-0.000167792	-0.00298679	
53.02	-0.000140784	0.000759006	0.000963493	3.49132e-05	-0.000167792	-0.00298679	
53.03	-0.000138778	0.000766811	0.00097199	3.46181e-05	-0.000164544	-0.00302151	
53.03	-0.000138778	0.000766811	0.00097199	3.46181e-05	-0.000164544	-0.00302151	
53.04	-0.000136971	0.000774334	0.000981312	3.40712e-05	-0.000163047	-0.00305659	
53.04	-0.000136971	0.000774334	0.000981312	3.40712e-05	-0.000163047	-0.00305659	
53.05	-0.000135375	0.000782153	0.000991175	3.39031e-05	-0.000162471	-0.00309057	
53.05	-0.000135375	0.000782153	0.000991175	3.39031e-05	-0.000162471	-0.00309057	
53.06	-0.000134074	0.000789951	0.00100166	3.38295e-05	-0.000161977	-0.00312411	
53.06	-0.000134074	0.000789951	0.00100166	3.38295e-05	-0.000161977	-0.00312411	
53.07	-0.000132936	0.000797649	0.00101268	3.34455e-05	-0.000161939	-0.00315814	
53.07	-0.000132936	0.000797649	0.00101268	3.34455e-05	-0.000161939	-0.00315814	
53.08	-0.000131891	0.00080538	0.00102405	3.26356e-05	-0.0001632	-0.00319163	
53.08	-0.000131891	0.00080538	0.00102405	3.26356e-05	-0.0001632	-0.00319163	
53.09	-0.000130964	0.000813167	0.00103555	3.24719e-05	-0.000164173	-0.00322462	
53.09	-0.000130964	0.000813167	0.00103555	3.24719e-05	-0.000164173	-0.00322462	
53.1	-0.000130057	0.000820871	0.00104707	3.24827e-05	-0.000164772	-0.00325721	
53.1	-0.000130057	0.000820871	0.00104707	3.24827e-05	-0.000164772	-0.00325721	
53.11	-0.000129088	0.000828639	0.00105855	3.24666e-05	-0.00016557	-0.00328995	
53.11	-0.000129088	0.000828639	0.00105855	3.24666e-05	-0.00016557	-0.00328995	
53.12	-0.000127932	0.000836188	0.00106978	3.13945e-05	-0.00016652	-0.00332217	
53.12	-0.000127932	0.000836188	0.00106978	3.13945e-05	-0.00016652	-0.00332217	
53.13	-0.00012687	0.000844108	0.00108055	3.14121e-05	-0.000165725	-0.00335404	
53.13	-0.00012687	0.000844108	0.00108055	3.14121e-05	-0.000165725	-0.00335404	
53.14	-0.000125494	0.000851546	0.00109081	3.10634e-05	-0.000164837	-0.003386	
53.14	-0.000125494	0.000851546	0.00109081	3.10634e-05	-0.000164837	-0.003386	
53.15	-0.000124057	0.000859288	0.00110071	3.16117e-05	-0.000163631	-0.00341755	
53.15	-0.000124057	0.000859288	0.00110071	3.16117e-05	-0.000163631	-0.00341755	
53.16	-0.00012239	0.000866802	0.00111007	3.05194e-05	-0.000161911	-0.00344859	
53.16	-0.00012239	0.000866802	0.00111007	3.05194e-05	-0.000161911	-0.00344859	
53.17	-0.0001206	0.000874418	0.00111894	3.00794e-05	-0.00015916	-0.0034794	
53.17	-0.0001206	0.000874418	0.00111894	3.00794e-05	-0.00015916	-0.0034794	
53.18	-0.000118484	0.000881765	0.00112696	2.9862e-05	-0.000155375	-0.00351058	
53.18	-0.000118484	0.000881765	0.00112696	2.9862e-05	-0.000155375	-0.00351058	
53.19	-0.00011623	0.000889412	0.00113455	3.00572e-05	-0.000151273	-0.00354123	
53.19	-0.00011623	0.000889412	0.00113455	3.00572e-05	-0.000151273	-0.00354123	
53.2	-0.00011381	0.00089652	0.00114168	2.92849e-05	-0.00014715	-0.00357164	
53.2	-0.00011381	0.00089652	0.00114168	2.92849e-05	-0.00014715	-0.00357164	
53.21	-0.00011127	0.000903877	0.00114827	2.88898e-05	-0.000141988	-0.0036017	
53.21	-0.00011127	0.000903877	0.00114827	2.88898e-05	-0.000141988	-0.0036017	
53.22	-0.000108552	0.000910966	0.00115437	2.84283e-05	-0.000136077	-0.00363214	
53.22	-0.000108552	0.000910966	0.00115437	2.84283e-05	-0.000136077	-0.00363214	
53.23	-0.000105684	0.00091817	0.00116018	2.88624e-05	-0.00013029	-0.00366196	
53.23	-0.000105684	0.00091817	0.00116018	2.88624e-05	-0.00013029	-0.00366196	
53.24	-0.000102755	0.000925243	0.00116563	2.82393e-05	-0.000124052	-0.00369129	
53.24	-0.000102755	0.000925243	0.00116563	2.82393e-05	-0.000124052	-0.00369129	
53.25	-9.98486e-05	0.000932321	0.00117118	2.77801e-05	-0.000118195	-0.00372066	
53.25	-9.98486e-05	0.000932321	0.00117118	2.77801e-05	-0.000118195	-0.00372066	
53.26	-9.68535e-05	0.000939151	0.00117656	2.72385e-05	-0.000112349	-0.00375016	
53.26	-9.68535e-05	0.000939151	0.00117656	2.72385e-05	-0.000112349	-0.00375016	
53.27	-9.38951e-05	0.000946133	0.00118191	2.75252e-05	-0.00010613	-0.00377894	
53.27	-9.38951e-05	0.000946133	0.00118191	2.75252e-05	-0.00010613	-0.00377894	
53.28	-9.08926e-05	0.000952864	0.00118732	2.67846e-05	-0.000100464	-0.00380769	
53.28	-9.08926e-05	0.000952864	0.00118732	2.67846e-05	-0.000100464	-0.00380769	
53.29	-8.81051e-05	0.000959652	0.00119295	2.64053e-05	-9.51496e-05	-0.00383663	
53.29	-8.81051e-05	0.000959652	0.00119295	2.64053e-05	-9.51496e-05	-0.00383663	
53.3	-8.5287e-05	0.000966494	0.00119854	2.61291e-05	-8.98863e-05	-0.00386473	
53.3	-8.5287e-05	0.000966494	0.00119854	2.61291e-05	-8.98863e-05	-0.00386473	
53.31	-8.25342e-05	0.000973222	0.00120444	2.62249e-05	-8.47249e-05	-0.00389272	
53.31	-8.25342e-05	0.000973222	0.00120444	2.62249e-05	-8.47249e-05	-0.00389272	
53.32	-7.98351e-05	0.000979582	0.00121059	2.52908e-05	-8.06491e-05	-0.00392115	
53.32	-7.98351e-05	0.000979582	0.00121059	2.52908e-05	-8.06491e-05	-0.00392115	
53.33	-7.7347e-05	0.000986368	0.00121699	2.53498e-05	-7.63941e-05	-0.00394849	
53.33	-7.7347e-05	0.000986368	0.00121699	2.53498e-05	-7.63941e-05	-0.00394849	
53.34	-7.48596e-05	0.000992799	0.00122351	2.53336e-05	-7.24926e-05	-0.00397566	
53.34	-7.48596e-05	0.000992799	0.00122351	2.53336e-05	-7.24926e-05	-0.00397566	
53.35	-7.24444e-05	0.000999127	0.00123036	2.51859e-05	-6.96474e-05	-0.00400334	
53.35	-7.24444e-05	0.000999127	0.00123036	2.51859e-05	-6.96474e-05	-0.00400334	
53.36	-7.01016e-05	0.00100565	0.00123723	2.43898e-05	-6.62599e-05	-0.00403024	
53.36	-7.01016e-05	0.00100565	0.00123723	2.43898e-05	-6.62599e-05	-0.00403024	
53.37	-6.78924e-05	0.00101211	0.00124432	2.43369e-05	-6.2678e-05	-0.00405667	
53.37	-6.78924e-05	0.00101211	0.00124432	2.43369e-05	-6.2678e-05	-0.00405667	
53.38	-6.56456e-05	0.00101822	0.00125159	2.429e-05	-6.04637e-05	-0.00408361	
53.38	-6.56456e-05	0.00101822	0.00125159	2.429e-05	-6.04637e-05	-0.00408361	
53.39	-6.34923e-05	0.00102456	0.00125884	2.41733e-05	-5.78426e-05	-0.00411002	
53.39	-6.34923e-05	0.00102456	0.00125884	2.41733e-05	-5.78426e-05	-0.00411002	
53.4	-6.13279e-05	0.00103068	0.0012663	2.33173e-05	-5.54718e-05	-0.00413607	
53.4	-6.13279e-05	0.00103068	0.0012663	2.33173e-05	-5.54718e-05	-0.00413607	
53.41	-5.92028e-05	0.00103712	0.00127345	2.37572e-05	-5.23641e-05	-0.00416135	
53.41	-5.92028e-05	0.00103712	0.00127345	2.37572e-05	-5.23641e-05	-0.00416135	
53.42	-5.69727e-05	0.00104312	0.00128078	2.33137e-05	-5.0269e-05	-0.00418729	
53.42	-5.69727e-05	0.00104312	0.00128078	2.33137e-05	-5.0269e-05	-0.00418729	
53.43	-5.4779e-05	0.00104933	0.00128781	2.31486e-05	-4.72389e-05	-0.00421288	
53.43	-5.4779e-05	0.00104933	0.00128781	2.31486e-05	-4.72389e-05	-0.00421288	
53.44	-5.25977e-05	0.0010555	0.00129481	2.29987e-05	-4.42527e-05	-0.00423759	
53.44	-5.25977e-05	0.0010555	0.00129481	2.29987e-05	-4.42527e-05	-0.00423759	
53.45	-5.02481e-05	0.00106156	0.00130154	2.29479e-05	-4.12813e-05	-0.00426237	
53.45	-5.02481e-05	0.00106156	0.00130154	2.29479e-05	-4.12813e-05	-0.00426237	
53.46	-4.7881e-05	0.00106746	0.00130812	2.22366e-05	-3.84366e-05	-0.00428728	
53.46	-4.7881e-05	0.00106746	0.00130812	2.22366e-05	-3.84366e-05	-0.00428728	
53.47	-4.55208e-05	0.00107356	0.00131455	2.24262e-05	-3.45824e-05	-0.00431153	
53.47	-4.55208e-05	0.00107356	0.00131455	2.24262e-05	-3.45824e-05	-0.00431153	
53.48	-4.30284e-05	0.00107941	0.00132094	2.20606e-05	-3.13704e-05	-0.00433624	
53.48	-4.30284e-05	0.00107941	0.00132094	2.20606e-05	-3.13704e-05	-0.00433624	
53.49	-4.05788e-05	0.00108537	0.00132701	2.18346e-05	-2.76552e-05	-0.00436024	
53.49	-4.05788e-05	0.00108537	0.00132701	2.18346e-05	-2.76552e-05	-0.00436024	
53.5	-3.79447e-05	0.00109104	0.00133281	2.10463e-05	-2.36746e-05	-0.00438381	
53.5	-3.79447e-05	0.00109104	0.00133281	2.10463e-05	-2.36746e-05	-0.00438381	
53.51	-3.53343e-05	0.0010971	0.00133857	2.13302e-05	-1.98244e-05	-0.0044069	
53.51	-3.53343e-05	0.0010971	0.00133857	2.13302e-05	-1.98244e-05	-0.0044069	
53.52	-3.26261e-05	0.00110263	0.00134402	2.08667e-05	-1.55312e-05	-0.00443107	
53.52	-3.26261e-05	0.00110263	0.00134402	2.08667e-05	-1.55312e-05	-0.00443107	
53.53	-2.98987e-05	0.00110847	0.00134946	2.0457e-05	-1.14165e-05	-0.00445373	
53.53	-2.98987e-05	0.00110847	0.00134946	2.0457e-05	-1.14165e-05	-0.00445373	
53.54	-2.69505e-05	0.00111397	0.00135426	1.93156e-05	-6.67097e-06	-0.0044766	
53.54	-2.69505e-05	0.00111397	0.00135426	1.93156e-05	-6.67097e-06	-0.0044766	
53.55	-2.38984e-05	0.00111996	0.00135829	1.92057e-05	1.39343e-07	-0.00449868	
53.55	-2.38984e-05	0.00111996	0.00135829	1.92057e-05	1.39343e-07	-0.00449868	
53.56	-2.05555e-05	0.00112553	0.00136127	1.83828e-05	8.48391e-06	-0.00452103	
53.56	-2.05555e-05	0.00112553	0.00136127	1.83828e-05	8.48391e-06	-0.00452103	
53.57	-1.69841e-05	0.00113138	0.0013625	1.7751e-05	1.9812e-05	-0.00454328	
53.57	-1.69841e-05	0.00113138	0.0013625	1.7751e-05	1.9812e-05	-0.00454328	
53.58	-1.30663e-05	0.00113728	0.00136196	1.67992e-05	3.40834e-05	-0.00456469	
53.58	-1.30663e-05	0.00113728	0.00136196	1.67992e-05	3.40834e-05	-0.00456469	
53.59	-9.05685e-06	0.00114336	0.00136034	1.70751e-05	4.95301e-05	-0.00458575	
53.59	-9.05685e-06	0.00114336	0.00136034	1.70751e-05	4.95301e-05	-0.00458575	
53.6	-5.32941e-06	0.00114908	0.00136012	1.65947e-05	6.06577e-05	-0.00460695	
53.6	-5.32941e-06	0.00114908	0.00136012	1.65947e-05	6.06577e-05	-0.00460695	
53.61	-1.88084e-06	0.00115463	0.00136292	1.69729e-05	6.38723e-05	-0.00462865	
53.61	-1.88084e-06	0.00115463	0.00136292	1.69729e-05	6.38723e-05	-0.00462865	
53.62	9.48841e-07	0.00115939	0.00137078	1.67598e-05	5.79357e-05	-0.00465098	
53.62	9.48841e-07	0.00115939	0.00137078	1.67598e-05	5.79357e-05	-0.00465098	
53.63	3.10958e-06	0.00116343	0.00138302	1.73015e-05	4.62509e-05	-0.00467398	
53.63	3.10958e-06	0.00116343	0.00138302	1.73015e-05	4.62509e-05	-0.00467398	
53.64	4.94806e-06	0.0011673	0.00139737	1.70049e-05	3.39466e-05	-0.00469628	
53.64	4.94806e-06	0.0011673	0.00139737	1.70049e-05	3.39466e-05	-0.00469628	
53.65	6.5276e-06	0.0011715	0.00141142	1.77985e-05	2.57603e-05	-0.00471763	
53.65	6.5276e-06	0.0011715	0.00141142	1.77985e-05	2.57603e-05	-0.00471763	
53.66	8.30341e-06	0.00117597	0.00142251	1.74631e-05	2.40422e-05	-0.00473792	
53.66	8.30341e-06	0.00117597	0.00142251	1.74631e-05	2.40422e-05	-0.00473792	
53.67	1.03931e-05	0.00118129	0.0014297	1.69025e-05	2.94713e-05	-0.00475728	
53.67	1.03931e-05	0.00118129	0.0014297	1.69025e-05	2.94713e-05	-0.00475728	
53.68	1.30117e-05	0.00118673	0.00143271	1.61128e-05	4.01798e-05	-0.0047764	
53.68	1.30117e-05	0.00118673	0.00143271	1.61128e-05	4.01798e-05	-0.0047764	
53.69	1.62029e-05	0.00119276	0.00143278	1.56732e-05	5.40454e-05	-0.00479456	
53.69	1.62029e-05	0.00119276	0.00143278	1.56732e-05	5.40454e-05	-0.00479456	
53.7	1.98475e-05	0.00119826	0.00143077	1.47179e-05	6.95014e-05	-0.00481343	
53.7	1.98475e-05	0.00119826	0.00143077	1.47179e-05	6.95014e-05	-0.00481343	
53.71	2.38647e-05	0.00120396	0.00142833	1.4376e-05	8.434e-05	-0.00483223	
53.71	2.38647e-05	0.00120396	0.00142833	1.4376e-05	8.434e-05	-0.00483223	
53.72	2.81092e-05	0.00120888	0.00142648	1.30519e-05	9.58617e-05	-0.00485102	
53.72	2.81092e-05	0.00120888	0.00142648	1.30519e-05	9.58617e-05	-0.00485102	
53.73	3.21214e-05	0.00121404	0.00142575	1.33948e-05	0.000106424	-0.00486973	
53.73	3.21214e-05	0.00121404	0.00142575	1.33948e-05	0.000106424	-0.00486973	
53.74	3.61094e-05	0.00121858	0.00142656	1.24855e-05	0.000114047	-0.00488916	
53.74	3.61094e-05	0.00121858	0.00142656	1.24855e-05	0.000114047	-0.00488916	
53.75	3.97213e-05	0.00122326	0.00142891	1.22863e-05	0.000119458	-0.00490774	
53.75	3.97213e-05	0.00122326	0.00142891	1.22863e-05	0.000119458	-0.00490774	
53.76	4.3195e-05	0.00122756	0.00143229	1.16994e-05	0.000123131	-0.00492594	
53.76	4.3195e-05	0.00122756	0.00143229	1.16994e-05	0.000123131	-0.00492594	
53.77	4.61758e-05	0.00123228	0.00143662	1.24643e-05	0.000126851	-0.00494378	
53.77	4.61758e-05	0.00123228	0.00143662	1.24643e-05	0.000126851	-0.00494378	
53.78	4.9014e-05	0.00123633	0.00144152	1.18676e-05	0.00012961	-0.00496268	
53.78	4.9014e-05	0.00123633	0.00144152	1.18676e-05	0.00012961	-0.00496268	
53.79	5.14956e-05	0.00124124	0.00144664	1.17234e-05	0.000132368	-0.00497954	
53.79	5.14956e-05	0.00124124	0.00144664	1.17234e-05	0.000132368	-0.00497954	
53.8	5.38435e-05	0.00124558	0.00145208	1.12491e-05	0.000134422	-0.00499659	
53.8	5.38435e-05	0.00124558	0.00145208	1.12491e-05	0.000134422	-0.00499659	
53.81	5.60069e-05	0.00125045	0.00145769	1.215e-05	0.000136846	-0.00501302	
53.81	5.60069e-05	0.00125045	0.00145769	1.215e-05	0.000136846	-0.00501302	
53.82	5.81196e-05	0.00125471	0.00146353	1.15774e-05	0.000138358	-0.00503012	
53.82	5.81196e-05	0.00125471	0.00146353	1.15774e-05	0.000138358	-0.00503012	
53.83	6.0118e-05	0.00125933	0.00146923	1.20484e-05	0.000140487	-0.00504684	
53.83	6.0118e-05	0.00125933	0.00146923	1.20484e-05	0.000140487	-0.00504684	
53.84	6.22554e-05	0.00126341	0.00147518	1.13714e-05	0.00014188	-0.00506353	
53.84	6.22554e-05	0.00126341	0.00147518	1.13714e-05	0.00014188	-0.00506353	
53.85	6.42612e-05	0.00126811	0.00148084	1.17861e-05	0.000143706	-0.0050789	
53.85	6.42612e-05	0.00126811	0.00148084	1.17861e-05	0.000143706	-0.0050789	
53.86	6.63579e-05	0.00127196	0.00148665	1.16023e-05	0.000145476	-0.00509523	
53.86	6.63579e-05	0.00127196	0.00148665	1.16023e-05	0.000145476	-0.00509523	
53.87	6.84932e-05	0.00127637	0.00149215	1.19044e-05	0.000147659	-0.00511117	
53.87	6.84932e-05	0.00127637	0.00149215	1.19044e-05	0.000147659	-0.00511117	
53.88	7.08245e-05	0.00128035	0.00149755	1.13936e-05	0.000149427	-0.0051267	
53.88	7.08245e-05	0.00128035	0.00149755	1.13936e-05	0.000149427	-0.0051267	
53.89	7.32012e-05	0.00128466	0.00150245	1.19632e-05	0.000152439	-0.00514207	
53.89	7.32012e-05	0.00128466	0.00150245	1.19632e-05	0.000152439	-0.00514207	
53.9	7.56844e-05	0.00128846	0.00150713	1.16271e-05	0.000155887	-0.00515753	
53.9	7.56844e-05	0.00128846	0.00150713	1.16271e-05	0.000155887	-0.00515753	
53.91	7.83269e-05	0.00129262	0.0015111	1.16358e-05	0.000160057	-0.00517235	
53.91	7.83269e-05	0.00129262	0.0015111	1.16358e-05	0.000160057	-0.00517235	
53.92	8.11662e-05	0.00129623	0.00151464	1.12436e-05	0.000164622	-0.00518779	
53.92	8.11662e-05	0.00129623	0.00151464	1.12436e-05	0.000164622	-0.00518779	
53.93	8.41441e-05	0.00130037	0.00151773	1.18073e-05	0.000169794	-0.00520212	
53.93	8.41441e-05	0.00130037	0.00151773	1.18073e-05	0.000169794	-0.00520212	
53.94	8.7223e-05	0.00130404	0.00152051	1.07654e-05	0.000174871	-0.00521635	
53.94	8.7223e-05	0.00130404	0.00152051	1.07654e-05	0.000174871	-0.00521635	
53.95	9.04234e-05	0.00130796	0.00152288	1.10573e-05	0.000181129	-0.00523067	
53.95	9.04234e-05	0.00130796	0.00152288	1.10573e-05	0.000181129	-0.00523067	
53.96	9.37084e-05	0.0013114	0.00152514	1.02866e-05	0.00018677	-0.00524518	
53.96	9.37084e-05	0.0013114	0.00152514	1.02866e-05	0.00018677	-0.00524518	
53.97	9.70654e-05	0.0013153	0.001527	1.07294e-05	0.000193395	-0.00525882	
53.97	9.70654e-05	0.0013153	0.001527	1.07294e-05	0.000193395	-0.00525882	
53.98	0.00010053	0.00131847	0.00152879	9.93765e-06	0.000199742	-0.00527312	
53.98	0.00010053	0.00131847	0.00152879	9.93765e-06	0.000199742	-0.00527312	
53.99	0.000103936	0.00132258	0.00153022	1.01302e-05	0.000206392	-0.00528588	
53.99	0.000103936	0.00132258	0.00153022	1.01302e-05	0.000206392	-0.00528588	
54	0.000107404	0.00132576	0.00153197	9.22713e-06	0.000212419	-0.00529931	
54	0.000107404	0.00132576	0.00153197	9.22713e-06	0.000212419	-0.00529931	
54.01	0.000110774	0.00132951	0.00153342	9.96012e-06	0.000218889	-0.00531239	
54.01	0.000110774	0.00132951	0.00153342	9.96012e-06	0.000218889	-0.00531239	
54.02	0.000114103	0.00133284	0.00153537	9.01063e-06	0.000224311	-0.00532546	
54.02	0.000114103	0.00133284	0.00153537	9.01063e-06	0.000224311	-0.00532546	
54.03	0.000117377	0.00133642	0.0015372	9.23938e-06	0.000230163	-0.00533767	
54.03	0.000117377	0.00133642	0.0015372	9.23938e-06	0.000230163	-0.00533767	
54.04	0.000120644	0.00133956	0.00153917	8.70463e-06	0.000235689	-0.0053504	
54.04	0.000120644	0.00133956	0.00153917	8.70463e-06	0.000235689	-0.0053504	
54.05	0.000123758	0.00134329	0.00154121	9.148e-06	0.000241209	-0.0053623	
54.05	0.000123758	0.00134329	0.00154121	9.148e-06	0.000241209	-0.0053623	
54.06	0.000126898	0.00134645	0.00154354	8.21739e-06	0.000245473	-0.00537424	
54.06	0.000126898	0.00134645	0.00154354	8.21739e-06	0.000245473	-0.00537424	
54.07	0.000129811	0.00135007	0.00154598	8.64569e-06	0.000250081	-0.00538559	
54.07	0.000129811	0.00135007	0.00154598	8.64569e-06	0.000250081	-0.00538559	
54.08	0.000132812	0.00135295	0.0015486	8.12581e-06	0.000254325	-0.00539774	
54.08	0.000132812	0.00135295	0.0015486	8.12581e-06	0.000254325	-0.00539774	
54.09	0.000135591	0.00135662	0.00155132	8.79799e-06	0.000258723	-0.00540836	
54.09	0.000135591	0.00135662	0.00155132	8.79799e-06	0.000258723	-0.00540836	
54.1	0.000138405	0.00135945	0.00155438	8.12421e-06	0.000261847	-0.00541955	
54.1	0.000138405	0.00135945	0.00155438	8.12421e-06	0.000261847	-0.00541955	
54.11	0.000141158	0.00136304	0.00155714	8.72134e-06	0.000265921	-0.00543019	
54.11	0.000141158	0.00136304	0.00155714	8.72134e-06	0.000265921	-0.00543019	
54.12	0.000143848	0.00136598	0.0015601	8.18132e-06	0.000270072	-0.00544097	
54.12	0.000143848	0.00136598	0.0015601	8.18132e-06	0.000270072	-0.00544097	
54.13	0.000146503	0.00136937	0.00156296	8.57078e-06	0.000273738	-0.00545072	
54.13	0.000146503	0.00136937	0.00156296	8.57078e-06	0.000273738	-0.00545072	
54.14	0.000149298	0.00137205	0.001566	7.99401e-06	0.000276404	-0.00546158	
54.14	0.000149298	0.00137205	0.001566	7.99401e-06	0.000276404	-0.00546158	
54.15	0.000151931	0.00137543	0.00156867	8.79415e-06	0.00028114	-0.00547122	
54.15	0.000151931	0.00137543	0.00156867	8.79415e-06	0.00028114	-0.00547122	
54.16	0.000154603	0.00137814	0.00157174	8.36138e-06	0.000284223	-0.0054808	
54.16	0.000154603	0.00137814	0.00157174	8.36138e-06	0.000284223	-0.0054808	
54.17	0.000157303	0.0013812	0.00157434	8.5068e-06	0.000288107	-0.00549058	
54.17	0.000157303	0.0013812	0.00157434	8.5068e-06	0.000288107	-0.00549058	
54.18	0.000160125	0.00138369	0.00157688	7.8455e-06	0.000291957	-0.00550084	
54.18	0.000160125	0.00138369	0.00157688	7.8455e-06	0.000291957	-0.00550084	
54.19	0.000162967	0.00138679	0.001579	8.60367e-06	0.000296815	-0.00550944	
54.19	0.000162967	0.00138679	0.001579	8.60367e-06	0.000296815	-0.00550944	
54.2	0.000165791	0.00138922	0.00158133	8.09393e-06	0.000300466	-0.00551854	
54.2	0.000165791	0.00138922	0.00158133	8.09393e-06	0.000300466	-0.00551854	
54.21	0.000168736	0.00139218	0.00158331	8.49753e-06	0.000304873	-0.00552716	
54.21	0.000168736	0.00139218	0.00158331	8.49753e-06	0.000304873	-0.00552716	
54.22	0.000171695	0.00139431	0.00158527	7.8768e-06	0.000309416	-0.00553681	
54.22	0.000171695	0.00139431	0.00158527	7.8768e-06	0.000309416	-0.00553681	
54.23	0.000174682	0.0013973	0.00158683	8.45185e-06	0.000314845	-0.00554459	
54.23	0.000174682	0.0013973	0.00158683	8.45185e-06	0.000314845	-0.00554459	
54.24	0.000177698	0.00139951	0.00158854	7.81638e-06	0.000319272	-0.00555271	
54.24	0.000177698	0.00139951	0.00158854	7.81638e-06	0.000319272	-0.00555271	
54.25	0.000180749	0.00140215	0.00158981	8.17845e-06	0.000324375	-0.00556136	
54.25	0.000180749	0.00140215	0.00158981	8.17845e-06	0.000324375	-0.00556136	
54.26	0.000183838	0.00140421	0.00159138	7.29789e-06	0.000328822	-0.00556968	
54.26	0.000183838	0.00140421	0.00159138	7.29789e-06	0.000328822	-0.00556968	
54.27	0.000186836	0.00140692	0.00159249	8.20615e-06	0.000334641	-0.0055769	
54.27	0.000186836	0.00140692	0.00159249	8.20615e-06	0.000334641	-0.0055769	
54.28	0.00019003	0.00140885	0.00159383	7.43599e-06	0.000339331	-0.00558499	
54.28	0.00019003	0.00140885	0.00159383	7.43599e-06	0.000339331	-0.00558499	
54.29	0.000193039	0.00141146	0.00159483	7.89101e-06	0.000344659	-0.00559202	
54.29	0.000193039	0.00141146	0.00159483	7.89101e-06	0.000344659	-0.00559202	
54.3	0.000196106	0.0014135	0.00159607	7.0955e-06	0.000349279	-0.00559903	
54.3	0.000196106	0.0014135	0.00159607	7.0955e-06	0.000349279	-0.00559903	
54.31	0.000199234	0.00141591	0.00159707	7.52135e-06	0.000354109	-0.00560591	
54.31	0.000199234	0.00141591	0.00159707	7.52135e-06	0.000354109	-0.00560591	
54.32	0.000202313	0.0014176	0.00159822	6.85856e-06	0.000359082	-0.00561331	
54.32	0.000202313	0.0014176	0.00159822	6.85856e-06	0.000359082	-0.00561331	
54.33	0.000205275	0.00142021	0.00159923	7.62679e-06	0.000364406	-0.0056192	
54.33	0.000205275	0.00142021	0.00159923	7.62679e-06	0.000364406	-0.0056192	
54.34	0.000208242	0.00142202	0.00160051	6.90825e-06	0.000368438	-0.00562565	
54.34	0.000208242	0.00142202	0.00160051	6.90825e-06	0.000368438	-0.00562565	
54.35	0.000211253	0.00142432	0.00160157	7.40318e-06	0.00037309	-0.00563131	
54.35	0.000211253	0.00142432	0.00160157	7.40318e-06	0.00037309	-0.00563131	
54.36	0.000214192	0.0014259	0.00160291	6.62674e-06	0.000377066	-0.00563781	
54.36	0.000214192	0.0014259	0.00160291	6.62674e-06	0.000377066	-0.00563781	
54.37	0.000216996	0.00142831	0.0016039	7.66616e-06	0.000382603	-0.00564337	
54.37	0.000216996	0.00142831	0.0016039	7.66616e-06	0.000382603	-0.00564337	
54.38	0.000219955	0.00142978	0.00160527	6.87919e-06	0.000386222	-0.00564906	
54.38	0.000219955	0.00142978	0.00160527	6.87919e-06	0.000386222	-0.00564906	
54.39	0.000222708	0.00143221	0.0016063	7.15649e-06	0.000390388	-0.00565337	
54.39	0.000222708	0.00143221	0.0016063	7.15649e-06	0.000390388	-0.00565337	
54.4	0.000225653	0.00143359	0.00160755	6.45387e-06	0.000394329	-0.00565906	
54.4	0.000225653	0.00143359	0.00160755	6.45387e-06	0.000394329	-0.00565906	
54.41	0.000228413	0.00143579	0.0016087	7.2936e-06	0.000398754	-0.00566363	
54.41	0.000228413	0.00143579	0.0016087	7.2936e-06	0.000398754	-0.00566363	
54.42	0.000231235	0.0014372	0.00161001	6.74137e-06	0.000402241	-0.00566871	
54.42	0.000231235	0.0014372	0.00161001	6.74137e-06	0.000402241	-0.00566871	
54.43	0.000234026	0.00143935	0.00161077	7.45203e-06	0.000407462	-0.00567247	
54.43	0.000234026	0.00143935	0.00161077	7.45203e-06	0.000407462	-0.00567247	
54.44	0.000236833	0.00144055	0.00161212	6.80484e-06	0.000410855	-0.00567724	
54.44	0.000236833	0.00144055	0.00161212	6.80484e-06	0.000410855	-0.00567724	
54.45	0.000239716	0.00144242	0.00161284	7.22406e-06	0.000415307	-0.00568145	
54.45	0.000239716	0.00144242	0.00161284	7.22406e-06	0.000415307	-0.00568145	
54.46	0.000242475	0.00144366	0.00161402	6.75666e-06	0.000419092	-0.00568509	
54.46	0.000242475	0.00144366	0.00161402	6.75666e-06	0.000419092	-0.00568509	
54.47	0.000245224	0.00144566	0.00161479	7.78046e-06	0.000423639	-0.00568845	
54.47	0.000245224	0.00144566	0.00161479	7.78046e-06	0.000423639	-0.00568845	
54.48	0.000248004	0.0014468	0.00161575	6.804e-06	0.000427366	-0.00569224	
54.48	0.000248004	0.0014468	0.00161575	6.804e-06	0.000427366	-0.00569224	
54.49	0.000250788	0.00144863	0.00161619	7.4196e-06	0.000432452	-0.00569509	
54.49	0.000250788	0.00144863	0.00161619	7.4196e-06	0.000432452	-0.00569509	
54.5	0.000253703	0.0014496	0.00161696	6.69843e-06	0.000436203	-0.00569866	
54.5	0.000253703	0.0014496	0.00161696	6.69843e-06	0.000436203	-0.00569866	
54.51	0.000256502	0.0014513	0.00161735	7.54717e-06	0.000440686	-0.00570157	
54.51	0.000256502	0.0014513	0.00161735	7.54717e-06	0.000440686	-0.00570157	
54.52	0.000259414	0.00145196	0.00161811	6.81101e-06	0.000444334	-0.00570478	
54.52	0.000259414	0.00145196	0.00161811	6.81101e-06	0.000444334	-0.00570478	
54.53	0.000262263	0.00145377	0.00161826	7.46223e-06	0.000449539	-0.00570669	
54.53	0.000262263	0.00145377	0.00161826	7.46223e-06	0.000449539	-0.00570669	
54.54	0.000265184	0.00145447	0.0016187	6.97809e-06	0.000453577	-0.00570945	
54.54	0.000265184	0.00145447	0.0016187	6.97809e-06	0.000453577	-0.00570945	
54.55	0.000267999	0.00145602	0.00161879	7.39067e-06	0.000458443	-0.00571119	
54.55	0.000267999	0.00145602	0.00161879	7.39067e-06	0.000458443	-0.00571119	
54.56	0.000270883	0.00145664	0.00161924	6.62311e-06	0.000462217	-0.0057136	
54.56	0.000270883	0.00145664	0.00161924	6.62311e-06	0.000462217	-0.0057136	
54.57	0.000273766	0.00145806	0.00161914	7.47541e-06	0.000467307	-0.00571526	
54.57	0.000273766	0.00145806	0.00161914	7.47541e-06	0.000467307	-0.00571526	
54.58	0.000276492	0.00145874	0.00161946	6.60011e-06	0.000471296	-0.00571725	
54.58	0.000276492	0.00145874	0.00161946	6.60011e-06	0.000471296	-0.00571725	
54.59	0.000279447	0.00145986	0.00161944	7.32807e-06	0.000475681	-0.00571845	
54.59	0.000279447	0.00145986	0.00161944	7.32807e-06	0.000475681	-0.00571845	
54.6	0.000282255	0.00146038	0.00161979	6.59892e-06	0.000479368	-0.00571985	
54.6	0.000282255	0.00146038	0.00161979	6.59892e-06	0.000479368	-0.00571985	
54.61	0.000285088	0.00146161	0.00161938	7.62808e-06	0.00048508	-0.00572059	
54.61	0.000285088	0.00146161	0.00161938	7.62808e-06	0.00048508	-0.00572059	
54.62	0.000287869	0.00146206	0.00161963	6.79137e-06	0.000488606	-0.00572204	
54.62	0.000287869	0.00146206	0.00161963	6.79137e-06	0.000488606	-0.00572204	
54.63	0.000290731	0.00146309	0.00161935	7.22426e-06	0.000492922	-0.00572212	
54.63	0.000290731	0.00146309	0.00161935	7.22426e-06	0.000492922	-0.00572212	
54.64	0.000293558	0.00146336	0.00161949	6.73998e-06	0.0004968	-0.00572325	
54.64	0.000293558	0.00146336	0.00161949	6.73998e-06	0.0004968	-0.00572325	
54.65	0.000296295	0.00146449	0.00161913	7.39914e-06	0.000501827	-0.00572286	
54.65	0.000296295	0.00146449	0.00161913	7.39914e-06	0.000501827	-0.00572286	
54.66	0.000299008	0.00146489	0.00161931	6.61046e-06	0.000504908	-0.00572289	
54.66	0.000299008	0.00146489	0.00161931	6.61046e-06	0.000504908	-0.00572289	
54.67	0.000301672	0.00146598	0.00161899	7.48226e-06	0.000509354	-0.00572216	
54.67	0.000301672	0.00146598	0.00161899	7.48226e-06	0.000509354	-0.00572216	
54.68	0.000304398	0.00146584	0.00161912	7.05984e-06	0.000512916	-0.00572311	
54.68	0.000304398	0.00146584	0.00161912	7.05984e-06	0.000512916	-0.00572311	
54.69	0.000307048	0.00146697	0.00161866	7.52228e-06	0.000517811	-0.00572193	
54.69	0.000307048	0.00146697	0.00161866	7.52228e-06	0.000517811	-0.00572193	
54.7	0.000309764	0.00146681	0.00161883	6.72487e-06	0.000520663	-0.00572132	
54.7	0.000309764	0.00146681	0.00161883	6.72487e-06	0.000520663	-0.00572132	
54.71	0.000312471	0.00146768	0.0016183	7.71289e-06	0.000525176	-0.00572033	
54.71	0.000312471	0.00146768	0.0016183	7.71289e-06	0.000525176	-0.00572033	
54.72	0.000315133	0.00146752	0.00161806	6.90099e-06	0.000529083	-0.00571982	
54.72	0.000315133	0.00146752	0.00161806	6.90099e-06	0.000529083	-0.00571982	
54.73	0.000317818	0.00146829	0.00161751	7.63671e-06	0.000533477	-0.00571748	
54.73	0.000317818	0.00146829	0.00161751	7.63671e-06	0.000533477	-0.00571748	
54.74	0.000320553	0.00146815	0.00161734	6.97553e-06	0.000536219	-0.00571646	
54.74	0.000320553	0.00146815	0.00161734	6.97553e-06	0.000536219	-0.00571646	
54.75	0.000323234	0.00146873	0.00161638	7.77206e-06	0.000541749	-0.00571514	
54.75	0.000323234	0.00146873	0.00161638	7.77206e-06	0.000541749	-0.00571514	
54.76	0.000325831	0.00146846	0.00161641	7.05211e-06	0.000544689	-0.00571348	
54.76	0.000325831	0.00146846	0.00161641	7.05211e-06	0.000544689	-0.00571348	
54.77	0.000328526	0.00146906	0.00161537	7.89238e-06	0.000549353	-0.00571072	
54.77	0.000328526	0.00146906	0.00161537	7.89238e-06	0.000549353	-0.00571072	
54.78	0.000331162	0.00146862	0.00161505	7.01334e-06	0.000552411	-0.00570891	
54.78	0.000331162	0.00146862	0.00161505	7.01334e-06	0.000552411	-0.00570891	
54.79	0.0003338	0.00146913	0.0016141	7.73276e-06	0.00055735	-0.00570623	
54.79	0.0003338	0.00146913	0.0016141	7.73276e-06	0.00055735	-0.00570623	
54.8	0.000336408	0.00146855	0.00161369	7.00946e-06	0.000560562	-0.00570442	
54.8	0.000336408	0.00146855	0.00161369	7.00946e-06	0.000560562	-0.00570442	
54.81	0.000339107	0.00146897	0.00161248	8.04168e-06	0.000565352	-0.00570089	
54.81	0.000339107	0.00146897	0.00161248	8.04168e-06	0.000565352	-0.00570089	
54.82	0.000341585	0.00146841	0.00161221	7.14649e-06	0.000567868	-0.0056978	
54.82	0.000341585	0.00146841	0.00161221	7.14649e-06	0.000567868	-0.0056978	
54.83	0.000344274	0.00146869	0.00161091	7.81839e-06	0.000572534	-0.00569474	
54.83	0.000344274	0.00146869	0.00161091	7.81839e-06	0.000572534	-0.00569474	
54.84	0.000346882	0.00146802	0.00161027	7.25172e-06	0.000576158	-0.00569225	
54.84	0.000346882	0.00146802	0.00161027	7.25172e-06	0.000576158	-0.00569225	
54.85	0.000349533	0.00146814	0.00160892	8.11875e-06	0.00058104	-0.00568815	
54.85	0.000349533	0.00146814	0.00160892	8.11875e-06	0.00058104	-0.00568815	
54.86	0.000352041	0.00146746	0.00160831	7.03008e-06	0.000583556	-0.00568432	
54.86	0.000352041	0.00146746	0.00160831	7.03008e-06	0.000583556	-0.00568432	
54.87	0.000354713	0.00146753	0.00160683	7.94682e-06	0.000588341	-0.0056801	
54.87	0.000354713	0.00146753	0.00160683	7.94682e-06	0.000588341	-0.0056801	
54.88	0.00035741	0.00146637	0.00160593	7.48244e-06	0.000591936	-0.00567744	
54.88	0.00035741	0.00146637	0.00160593	7.48244e-06	0.000591936	-0.00567744	
54.89	0.000359907	0.00146646	0.00160448	8.16188e-06	0.000596286	-0.00567236	
54.89	0.000359907	0.00146646	0.00160448	8.16188e-06	0.000596286	-0.00567236	
54.9	0.000362402	0.00146561	0.0016036	7.25389e-06	0.000599245	-0.00566779	
54.9	0.000362402	0.00146561	0.0016036	7.25389e-06	0.000599245	-0.00566779	
54.91	0.00036495	0.00146555	0.00160214	8.30383e-06	0.000603761	-0.00566247	
54.91	0.00036495	0.00146555	0.00160214	8.30383e-06	0.000603761	-0.00566247	
54.92	0.000367553	0.00146426	0.00160119	7.54979e-06	0.00060663	-0.00565921	
54.92	0.000367553	0.00146426	0.00160119	7.54979e-06	0.00060663	-0.00565921	
54.93	0.000370066	0.00146407	0.0015996	8.19094e-06	0.000611081	-0.00565365	
54.93	0.000370066	0.00146407	0.0015996	8.19094e-06	0.000611081	-0.00565365	
54.94	0.000372619	0.00146284	0.00159851	7.38313e-06	0.000614053	-0.00564861	
54.94	0.000372619	0.00146284	0.00159851	7.38313e-06	0.000614053	-0.00564861	
54.95	0.000375025	0.00146266	0.00159684	8.33961e-06	0.000618615	-0.0056423	
54.95	0.000375025	0.00146266	0.00159684	8.33961e-06	0.000618615	-0.0056423	
54.96	0.000377571	0.00146127	0.00159571	7.41354e-06	0.000621146	-0.00563782	
54.96	0.000377571	0.00146127	0.00159571	7.41354e-06	0.000621146	-0.00563782	
54.97	0.000380054	0.00146097	0.00159389	8.35522e-06	0.000625687	-0.00563164	
54.97	0.000380054	0.00146097	0.00159389	8.35522e-06	0.000625687	-0.00563164	
54.98	0.000382531	0.00145964	0.00159272	7.54899e-06	0.000628579	-0.00562554	
54.98	0.000382531	0.00145964	0.00159272	7.54899e-06	0.000628579	-0.00562554	
54.99	0.000384996	0.00145917	0.0015909	8.29409e-06	0.000632776	-0.00561922	
54.99	0.000384996	0.00145917	0.0015909	8.29409e-06	0.000632776	-0.00561922	
55	0.000387414	0.00145763	0.0015895	7.50839e-06	0.00063571	-0.0056139	
55	0.000387414	0.00145763	0.0015895	7.50839e-06	0.00063571	-0.0056139	
55.01	0.000389882	0.00145698	0.0015875	8.70142e-06	0.000640451	-0.0056067	
55.01	0.000389882	0.00145698	0.0015875	8.70142e-06	0.000640451	-0.0056067	
55.02	0.000392311	0.00145546	0.00158606	7.70012e-06	0.000643117	-0.00560043	
55.02	0.000392311	0.00145546	0.00158606	7.70012e-06	0.000643117	-0.00560043	
55.03	0.000394663	0.00145491	0.00158413	8.52425e-06	0.000646709	-0.00559283	
55.03	0.000394663	0.00145491	0.00158413	8.52425e-06	0.000646709	-0.00559283	
55.04	0.000397135	0.00145307	0.00158269	7.66568e-06	0.000649403	-0.00558696	
55.04	0.000397135	0.00145307	0.00158269	7.66568e-06	0.000649403	-0.00558696	
55.05	0.00039949	0.0014524	0.00158057	8.52969e-06	0.000654135	-0.00557913	
55.05	0.00039949	0.0014524	0.00158057	8.52969e-06	0.000654135	-0.00557913	
55.06	0.000401882	0.00145064	0.00157899	7.85148e-06	0.000656893	-0.00557183	
55.06	0.000401882	0.00145064	0.00157899	7.85148e-06	0.000656893	-0.00557183	
55.07	0.000404251	0.00144969	0.00157675	8.69148e-06	0.000660992	-0.00556402	
55.07	0.000404251	0.00144969	0.00157675	8.69148e-06	0.000660992	-0.00556402	
55.08	0.000406562	0.00144791	0.0015752	8.00687e-06	0.000663265	-0.00555668	
55.08	0.000406562	0.00144791	0.0015752	8.00687e-06	0.000663265	-0.00555668	
55.09	0.000408967	0.001447	0.00157264	8.65609e-06	0.000667941	-0.00554819	
55.09	0.000408967	0.001447	0.00157264	8.65609e-06	0.000667941	-0.00554819	
55.1	0.000411317	0.0014448	0.00157095	8.01237e-06	0.000670658	-0.00554099	
55.1	0.000411317	0.0014448	0.00157095	8.01237e-06	0.000670658	-0.00554099	
55.11	0.000413714	0.00144385	0.00156849	8.76896e-06	0.000674751	-0.00553198	
55.11	0.000413714	0.00144385	0.00156849	8.76896e-06	0.000674751	-0.00553198	
55.12	0.000416049	0.00144175	0.00156668	7.97377e-06	0.000676902	-0.00552424	
55.12	0.000416049	0.00144175	0.00156668	7.97377e-06	0.000676902	-0.00552424	
55.13	0.000418402	0.00144058	0.0015641	8.86168e-06	0.000681388	-0.00551472	
55.13	0.000418402	0.00144058	0.0015641	8.86168e-06	0.000681388	-0.00551472	
55.14	0.000420633	0.00143848	0.00156214	8.28382e-06	0.000684088	-0.00550645	
55.14	0.000420633	0.00143848	0.00156214	8.28382e-06	0.000684088	-0.00550645	
55.15	0.000422957	0.00143728	0.00155942	8.83046e-06	0.000688349	-0.00549692	
55.15	0.000422957	0.00143728	0.00155942	8.83046e-06	0.000688349	-0.00549692	
55.16	0.000425192	0.00143491	0.00155755	8.156e-06	0.000690466	-0.00548828	
55.16	0.000425192	0.00143491	0.00155755	8.156e-06	0.000690466	-0.00548828	
55.17	0.000427549	0.00143358	0.00155477	8.94652e-06	0.000694658	-0.00547868	
55.17	0.000427549	0.00143358	0.00155477	8.94652e-06	0.000694658	-0.00547868	
55.18	0.000429815	0.00143117	0.0015528	8.13539e-06	0.000696714	-0.00546947	
55.18	0.000429815	0.00143117	0.0015528	8.13539e-06	0.000696714	-0.00546947	
55.19	0.000432048	0.00142972	0.00154986	8.93684e-06	0.000701269	-0.00545914	
55.19	0.000432048	0.00142972	0.00154986	8.93684e-06	0.000701269	-0.00545914	
55.2	0.000434273	0.00142712	0.00154784	8.30001e-06	0.000703098	-0.00545007	
55.2	0.000434273	0.00142712	0.00154784	8.30001e-06	0.000703098	-0.00545007	
55.21	0.000436521	0.00142571	0.00154497	9.13795e-06	0.00070681	-0.00543896	
55.21	0.000436521	0.00142571	0.00154497	9.13795e-06	0.00070681	-0.00543896	
55.22	0.000438685	0.00142309	0.0015427	8.26631e-06	0.000709549	-0.00542958	
55.22	0.000438685	0.00142309	0.0015427	8.26631e-06	0.000709549	-0.00542958	
55.23	0.000440973	0.00142145	0.00153966	9.03077e-06	0.000713861	-0.00541863	
55.23	0.000440973	0.00142145	0.00153966	9.03077e-06	0.000713861	-0.00541863	
55.24	0.000443044	0.00141875	0.00153729	8.1483e-06	0.00071559	-0.00540875	
55.24	0.000443044	0.00141875	0.00153729	8.1483e-06	0.00071559	-0.00540875	
55.25	0.00044525	0.0014171	0.00153417	9.39386e-06	0.000719725	-0.00539708	
55.25	0.00044525	0.0014171	0.00153417	9.39386e-06	0.000719725	-0.00539708	
55.26	0.000447386	0.00141424	0.00153189	8.29637e-06	0.000721623	-0.0053863	
55.26	0.000447386	0.00141424	0.00153189	8.29637e-06	0.000721623	-0.0053863	
55.27	0.000449588	0.0014125	0.0015286	8.85162e-06	0.000725961	-0.00537484	
55.27	0.000449588	0.0014125	0.0015286	8.85162e-06	0.000725961	-0.00537484	
55.28	0.000451716	0.00140959	0.00152608	8.15627e-06	0.000727776	-0.00536452	
55.28	0.000451716	0.00140959	0.00152608	8.15627e-06	0.000727776	-0.00536452	
55.29	0.000454018	0.00140753	0.00152265	9.41542e-06	0.000731972	-0.00535253	
55.29	0.000454018	0.00140753	0.00152265	9.41542e-06	0.000731972	-0.00535253	
55.3	0.000455985	0.00140461	0.00152024	8.42896e-06	0.000733768	-0.00534091	
55.3	0.000455985	0.00140461	0.00152024	8.42896e-06	0.000733768	-0.00534091	
55.31	0.00045813	0.0014026	0.00151671	9.08558e-06	0.000738	-0.00532868	
55.31	0.00045813	0.0014026	0.00151671	9.08558e-06	0.000738	-0.00532868	
55.32	0.000460212	0.00139946	0.00151408	8.27078e-06	0.000739657	-0.00531775	
55.32	0.000460212	0.00139946	0.00151408	8.27078e-06	0.000739657	-0.00531775	
55.33	0.000462344	0.0013973	0.00151054	9.36461e-06	0.000743744	-0.00530428	
55.33	0.000462344	0.0013973	0.00151054	9.36461e-06	0.000743744	-0.00530428	
55.34	0.000464462	0.0013941	0.00150777	8.5298e-06	0.000745492	-0.00529257	
55.34	0.000464462	0.0013941	0.00150777	8.5298e-06	0.000745492	-0.00529257	
55.35	0.000466521	0.00139195	0.00150414	8.98525e-06	0.000749405	-0.00527935	
55.35	0.000466521	0.00139195	0.00150414	8.98525e-06	0.000749405	-0.00527935	
55.36	0.00046858	0.00138858	0.00150124	8.44575e-06	0.000751391	-0.00526764	
55.36	0.00046858	0.00138858	0.00150124	8.44575e-06	0.000751391	-0.00526764	
55.37	0.000470661	0.00138624	0.00149746	9.61146e-06	0.000755798	-0.00525391	
55.37	0.000470661	0.00138624	0.00149746	9.61146e-06	0.000755798	-0.00525391	
55.38	0.000472628	0.00138283	0.00149474	8.7747e-06	0.000756351	-0.0052412	
55.38	0.000472628	0.00138283	0.00149474	8.7747e-06	0.000756351	-0.0052412	
55.39	0.000474639	0.00138044	0.00149082	9.11009e-06	0.000760588	-0.00522778	
55.39	0.000474639	0.00138044	0.00149082	9.11009e-06	0.000760588	-0.00522778	
55.4	0.000476669	0.00137692	0.00148782	8.22213e-06	0.000762329	-0.00521481	
55.4	0.000476669	0.00137692	0.00148782	8.22213e-06	0.000762329	-0.00521481	
55.41	0.000478632	0.0013744	0.00148397	9.6417e-06	0.000766027	-0.00520042	
55.41	0.000478632	0.0013744	0.00148397	9.6417e-06	0.000766027	-0.00520042	
55.42	0.000480625	0.0013707	0.00148087	8.7627e-06	0.000767507	-0.00518748	
55.42	0.000480625	0.0013707	0.00148087	8.7627e-06	0.000767507	-0.00518748	
55.43	0.000482534	0.00136828	0.00147683	9.32584e-06	0.000771608	-0.00517267	
55.43	0.000482534	0.00136828	0.00147683	9.32584e-06	0.000771608	-0.00517267	
55.44	0.000484504	0.00136441	0.00147377	8.73703e-06	0.000772711	-0.00515948	
55.44	0.000484504	0.00136441	0.00147377	8.73703e-06	0.000772711	-0.00515948	
55.45	0.00048645	0.00136176	0.00146955	9.62466e-06	0.000776587	-0.00514426	
55.45	0.00048645	0.00136176	0.00146955	9.62466e-06	0.000776587	-0.00514426	
55.46	0.000488381	0.00135788	0.00146631	8.80868e-06	0.000778224	-0.0051304	
55.46	0.000488381	0.00135788	0.00146631	8.80868e-06	0.000778224	-0.0051304	
55.47	0.00049037	0.0013551	0.00146201	9.53269e-06	0.000782039	-0.00511523	
55.47	0.00049037	0.0013551	0.00146201	9.53269e-06	0.000782039	-0.00511523	
55.48	0.000492133	0.00135117	0.00145884	8.77019e-06	0.000782853	-0.00510073	
55.48	0.000492133	0.00135117	0.00145884	8.77019e-06	0.000782853	-0.00510073	
55.49	0.000494096	0.00134832	0.00145439	9.46162e-06	0.0007867	-0.00508493	
55.49	0.000494096	0.00134832	0.00145439	9.46162e-06	0.0007867	-0.00508493	
55.5	0.000495868	0.00134435	0.00145109	8.37644e-06	0.000787869	-0.00507049	
55.5	0.000495868	0.00134435	0.00145109	8.37644e-06	0.000787869	-0.00507049	
55.51	0.000497865	0.00134123	0.0014465	9.69494e-06	0.000792267	-0.00505498	
55.51	0.000497865	0.00134123	0.0014465	9.69494e-06	0.000792267	-0.00505498	
55.52	0.000499648	0.00133705	0.00144306	8.82117e-06	0.000793221	-0.00504015	
55.52	0.000499648	0.00133705	0.00144306	8.82117e-06	0.000793221	-0.00504015	
55.53	0.000501568	0.001334	0.00143847	9.54013e-06	0.000796607	-0.0050236	
55.53	0.000501568	0.001334	0.00143847	9.54013e-06	0.000796607	-0.0050236	
55.54	0.000503294	0.00132971	0.00143485	8.66451e-06	0.00079789	-0.00500843	
55.54	0.000503294	0.00132971	0.00143485	8.66451e-06	0.00079789	-0.00500843	
55.55	0.00050506	0.00132662	0.00143021	9.64626e-06	0.00080186	-0.00499172	
55.55	0.00050506	0.00132662	0.00143021	9.64626e-06	0.00080186	-0.00499172	
55.56	0.000506981	0.00132223	0.00142631	8.69769e-06	0.000802998	-0.00497599	
55.56	0.000506981	0.00132223	0.00142631	8.69769e-06	0.000802998	-0.00497599	
55.57	0.000508757	0.00131894	0.00142174	9.3635e-06	0.000806349	-0.0049591	
55.57	0.000508757	0.00131894	0.00142174	9.3635e-06	0.000806349	-0.0049591	
55.58	0.000510453	0.00131452	0.00141798	8.86773e-06	0.000807138	-0.00494324	
55.58	0.000510453	0.00131452	0.00141798	8.86773e-06	0.000807138	-0.00494324	
55.59	0.000512227	0.00131116	0.00141326	9.86448e-06	0.000810468	-0.00492531	
55.59	0.000512227	0.00131116	0.00141326	9.86448e-06	0.000810468	-0.00492531	
55.6	0.000513935	0.0013065	0.00140928	8.58218e-06	0.000811728	-0.00490961	
55.6	0.000513935	0.0013065	0.00140928	8.58218e-06	0.000811728	-0.00490961	
55.61	0.000515763	0.00130305	0.00140443	9.50821e-06	0.000815218	-0.0048918	
55.61	0.000515763	0.00130305	0.00140443	9.50821e-06	0.000815218	-0.0048918	
55.62	0.000517376	0.00129842	0.00140035	8.75473e-06	0.000816301	-0.00487534	
55.62	0.000517376	0.00129842	0.00140035	8.75473e-06	0.000816301	-0.00487534	
55.63	0.000519186	0.00129478	0.00139541	9.7191e-06	0.000819523	-0.00485674	
55.63	0.000519186	0.00129478	0.00139541	9.7191e-06	0.000819523	-0.00485674	
55.64	0.000520894	0.00128996	0.0013913	8.84827e-06	0.000820225	-0.00484041	
55.64	0.000520894	0.00128996	0.0013913	8.84827e-06	0.000820225	-0.00484041	
55.65	0.000522605	0.00128623	0.0013862	9.39267e-06	0.000823644	-0.00482201	
55.65	0.000522605	0.00128623	0.0013862	9.39267e-06	0.000823644	-0.00482201	
55.66	0.000524197	0.00128145	0.00138189	8.6481e-06	0.00082469	-0.00480448	
55.66	0.000524197	0.00128145	0.00138189	8.6481e-06	0.00082469	-0.00480448	
55.67	0.000525924	0.00127763	0.00137661	9.65515e-06	0.000828429	-0.00478527	
55.67	0.000525924	0.00127763	0.00137661	9.65515e-06	0.000828429	-0.00478527	
55.68	0.000527478	0.00127262	0.00137245	8.82695e-06	0.000828793	-0.00476836	
55.68	0.000527478	0.00127262	0.00137245	8.82695e-06	0.000828793	-0.00476836	
55.69	0.000529211	0.00126869	0.001367	9.68301e-06	0.00083224	-0.00474916	
55.69	0.000529211	0.00126869	0.001367	9.68301e-06	0.00083224	-0.00474916	
55.7	0.000530722	0.00126377	0.00136269	8.68692e-06	0.000832746	-0.00473076	
55.7	0.000530722	0.00126377	0.00136269	8.68692e-06	0.000832746	-0.00473076	
55.71	0.000532406	0.00125976	0.00135736	9.6438e-06	0.000835833	-0.00471142	
55.71	0.000532406	0.00125976	0.00135736	9.6438e-06	0.000835833	-0.00471142	
55.72	0.000533994	0.00125444	0.00135295	8.91485e-06	0.000836164	-0.00469393	
55.72	0.000533994	0.00125444	0.00135295	8.91485e-06	0.000836164	-0.00469393	
55.73	0.000535502	0.00125044	0.00134749	9.76378e-06	0.00083944	-0.0046734	
55.73	0.000535502	0.00125044	0.00134749	9.76378e-06	0.00083944	-0.0046734	
55.74	0.00053697	0.00124517	0.001343	8.7708e-06	0.000840084	-0.00465467	
55.74	0.00053697	0.00124517	0.001343	8.7708e-06	0.000840084	-0.00465467	
55.75	0.000538596	0.00124102	0.0013373	9.46814e-06	0.000843328	-0.00463483	
55.75	0.000538596	0.00124102	0.0013373	9.46814e-06	0.000843328	-0.00463483	
55.76	0.000540058	0.0012356	0.00133273	8.78497e-06	0.000843544	-0.00461608	
55.76	0.000540058	0.0012356	0.00133273	8.78497e-06	0.000843544	-0.00461608	
55.77	0.000541705	0.00123126	0.00132687	9.87726e-06	0.000847305	-0.00459521	
55.77	0.000541705	0.00123126	0.00132687	9.87726e-06	0.000847305	-0.00459521	
55.78	0.000543128	0.00122589	0.00132218	9.18033e-06	0.000847376	-0.00457597	
55.78	0.000543128	0.00122589	0.00132218	9.18033e-06	0.000847376	-0.00457597	
55.79	0.000544613	0.0012215	0.00131631	9.59928e-06	0.000850396	-0.00455487	
55.79	0.000544613	0.0012215	0.00131631	9.59928e-06	0.000850396	-0.00455487	
55.8	0.000546006	0.00121591	0.00131147	8.67572e-06	0.000850808	-0.00453536	
55.8	0.000546006	0.00121591	0.00131147	8.67572e-06	0.000850808	-0.00453536	
55.81	0.000547518	0.00121134	0.00130556	9.64507e-06	0.00085412	-0.00451437	
55.81	0.000547518	0.00121134	0.00130556	9.64507e-06	0.00085412	-0.00451437	
55.82	0.000548955	0.00120577	0.00130053	8.64085e-06	0.000854062	-0.00449441	
55.82	0.000548955	0.00120577	0.00130053	8.64085e-06	0.000854062	-0.00449441	
55.83	0.000550399	0.00120114	0.00129455	9.53448e-06	0.000857064	-0.00447265	
55.83	0.000550399	0.00120114	0.00129455	9.53448e-06	0.000857064	-0.00447265	
55.84	0.000551852	0.0011953	0.0012896	9.09838e-06	0.000857118	-0.00445253	
55.84	0.000551852	0.0011953	0.0012896	9.09838e-06	0.000857118	-0.00445253	
55.85	0.00055324	0.00119069	0.00128343	9.61125e-06	0.000860323	-0.00443026	
55.85	0.00055324	0.00119069	0.00128343	9.61125e-06	0.000860323	-0.00443026	
55.86	0.000554633	0.00118479	0.00127819	8.68496e-06	0.000860763	-0.0044097	
55.86	0.000554633	0.00118479	0.00127819	8.68496e-06	0.000860763	-0.0044097	
55.87	0.000556084	0.00117992	0.00127191	9.63658e-06	0.000863777	-0.00438782	
55.87	0.000556084	0.00117992	0.00127191	9.63658e-06	0.000863777	-0.00438782	
55.88	0.000557299	0.00117402	0.00126679	8.75939e-06	0.000863203	-0.004367	
55.88	0.000557299	0.00117402	0.00126679	8.75939e-06	0.000863203	-0.004367	
55.89	0.000558799	0.001169	0.00126026	9.62412e-06	0.000866448	-0.00434432	
55.89	0.000558799	0.001169	0.00126026	9.62412e-06	0.000866448	-0.00434432	
55.9	0.000559926	0.00116306	0.00125506	8.9441e-06	0.000866269	-0.00432292	
55.9	0.000559926	0.00116306	0.00125506	8.9441e-06	0.000866269	-0.00432292	
55.91	0.000561325	0.00115805	0.00124865	9.71216e-06	0.000868922	-0.00429958	
55.91	0.000561325	0.00115805	0.00124865	9.71216e-06	0.000868922	-0.00429958	
55.92	0.000562573	0.00115179	0.0012433	9.03212e-06	0.000868898	-0.00427857	
55.92	0.000562573	0.00115179	0.0012433	9.03212e-06	0.000868898	-0.00427857	
55.93	0.000563876	0.00114674	0.00123679	9.65537e-06	0.000871561	-0.00425534	
55.93	0.000563876	0.00114674	0.00123679	9.65537e-06	0.000871561	-0.00425534	
55.94	0.000565031	0.00114048	0.00123134	8.65114e-06	0.000870982	-0.0042331	
55.94	0.000565031	0.00114048	0.00123134	8.65114e-06	0.000870982	-0.0042331	
55.95	0.000566353	0.00113533	0.00122478	1.0002e-05	0.00087385	-0.00420986	
55.95	0.000566353	0.00113533	0.00122478	1.0002e-05	0.00087385	-0.00420986	
55.96	0.000567555	0.00112889	0.00121916	9.03134e-06	0.00087346	-0.00418727	
55.96	0.000567555	0.00112889	0.00121916	9.03134e-06	0.00087346	-0.00418727	
55.97	0.000568755	0.00112361	0.00121243	9.66599e-06	0.000876367	-0.00416297	
55.97	0.000568755	0.00112361	0.00121243	9.66599e-06	0.000876367	-0.00416297	
55.98	0.000570015	0.00111706	0.00120674	9.03698e-06	0.000875696	-0.00414093	
55.98	0.000570015	0.00111706	0.00120674	9.03698e-06	0.000875696	-0.00414093	
55.99	0.000571252	0.00111173	0.00119959	9.68106e-06	0.00087937	-0.00411654	
55.99	0.000571252	0.00111173	0.00119959	9.68106e-06	0.00087937	-0.00411654	
56	0.00057231	0.00110523	0.00119382	8.90596e-06	0.000878908	-0.00409315	
56	0.00057231	0.00110523	0.00119382	8.90596e-06	0.000878908	-0.00409315	
56.01	0.000573583	0.00109969	0.00118702	9.66702e-06	0.000880645	-0.00406886	
56.01	0.000573583	0.00109969	0.00118702	9.66702e-06	0.000880645	-0.00406886	
56.02	0.000574634	0.00109294	0.00118122	9.32619e-06	0.000879704	-0.00404598	
56.02	0.000574634	0.00109294	0.00118122	9.32619e-06	0.000879704	-0.00404598	
56.03	0.000575864	0.00108738	0.0011739	9.9412e-06	0.000883696	-0.00402076	
56.03	0.000575864	0.00108738	0.0011739	9.9412e-06	0.000883696	-0.00402076	
56.04	0.000576846	0.00108067	0.00116803	8.66815e-06	0.000882418	-0.00399672	
56.04	0.000576846	0.00108067	0.00116803	8.66815e-06	0.000882418	-0.00399672	
56.05	0.00057803	0.00107487	0.0011609	9.81622e-06	0.000884464	-0.00397192	
56.05	0.00057803	0.00107487	0.0011609	9.81622e-06	0.000884464	-0.00397192	
56.06	0.00057904	0.00106799	0.00115473	8.98513e-06	0.000884314	-0.00394785	
56.06	0.00057904	0.00106799	0.00115473	8.98513e-06	0.000884314	-0.00394785	
56.07	0.000580211	0.00106223	0.00114764	1.01627e-05	0.000886671	-0.00392206	
56.07	0.000580211	0.00106223	0.00114764	1.01627e-05	0.000886671	-0.00392206	
56.08	0.000581284	0.00105525	0.00114122	9.42386e-06	0.000885888	-0.00389807	
56.08	0.000581284	0.00105525	0.00114122	9.42386e-06	0.000885888	-0.00389807	
56.09	0.000582258	0.00104942	0.00113392	9.65187e-06	0.000888103	-0.00387181	
56.09	0.000582258	0.00104942	0.00113392	9.65187e-06	0.000888103	-0.00387181	
56.1	0.000583118	0.00104233	0.00112772	8.95411e-06	0.00088733	-0.00384706	
56.1	0.000583118	0.00104233	0.00112772	8.95411e-06	0.00088733	-0.00384706	
56.11	0.00058429	0.00103624	0.00112021	9.83819e-06	0.000889587	-0.00382106	
56.11	0.00058429	0.00103624	0.00112021	9.83819e-06	0.000889587	-0.00382106	
56.12	0.00058528	0.00102909	0.00111369	9.21443e-06	0.000889281	-0.00379622	
56.12	0.00058528	0.00102909	0.00111369	9.21443e-06	0.000889281	-0.00379622	
56.13	0.000586214	0.00102299	0.00110628	1.00263e-05	0.000891061	-0.00376924	
56.13	0.000586214	0.00102299	0.00110628	1.00263e-05	0.000891061	-0.00376924	
56.14	0.000587147	0.00101574	0.0010998	9.3237e-06	0.000889771	-0.0037442	
56.14	0.000587147	0.00101574	0.0010998	9.3237e-06	0.000889771	-0.0037442	
56.15	0.000588209	0.00100954	0.00109183	1.00282e-05	0.000892968	-0.00371729	
56.15	0.000588209	0.00100954	0.00109183	1.00282e-05	0.000892968	-0.00371729	
56.16	0.000589081	0.00100215	0.00108522	9.1509e-06	0.000892105	-0.0036915	
56.16	0.000589081	0.00100215	0.00108522	9.1509e-06	0.000892105	-0.0036915	
56.17	0.000590053	0.000995869	0.00107735	9.79113e-06	0.000893854	-0.00366402	
56.17	0.000590053	0.000995869	0.00107735	9.79113e-06	0.000893854	-0.00366402	
56.18	0.000590789	0.000988518	0.00107083	9.38017e-06	0.000892105	-0.00363813	
56.18	0.000590789	0.000988518	0.00107083	9.38017e-06	0.000892105	-0.00363813	
56.19	0.000591762	0.000981953	0.00106283	1.02109e-05	0.000894931	-0.00361088	
56.19	0.000591762	0.000981953	0.00106283	1.02109e-05	0.000894931	-0.00361088	
56.2	0.000592586	0.000974401	0.00105605	9.40194e-06	0.000893848	-0.00358464	
56.2	0.000592586	0.000974401	0.00105605	9.40194e-06	0.000893848	-0.00358464	
56.21	0.000593528	0.000968038	0.00104781	9.77324e-06	0.000896239	-0.00355608	
56.21	0.000593528	0.000968038	0.00104781	9.77324e-06	0.000896239	-0.00355608	
56.22	0.000594192	0.000960259	0.00104103	9.42618e-06	0.00089456	-0.00352992	
56.22	0.000594192	0.000960259	0.00104103	9.42618e-06	0.00089456	-0.00352992	
56.23	0.00059509	0.000953716	0.00103302	1.03033e-05	0.00089652	-0.0035016	
56.23	0.00059509	0.000953716	0.00103302	1.03033e-05	0.00089652	-0.0035016	
56.24	0.000595838	0.00094596	0.00102595	9.734e-06	0.000895215	-0.00347474	
56.24	0.000595838	0.00094596	0.00102595	9.734e-06	0.000895215	-0.00347474	
56.25	0.000596637	0.000939186	0.00101793	1.04221e-05	0.000896824	-0.00344605	
56.25	0.000596637	0.000939186	0.00101793	1.04221e-05	0.000896824	-0.00344605	
56.26	0.000597317	0.000931461	0.00101067	9.66073e-06	0.000895634	-0.00341822	
56.26	0.000597317	0.000931461	0.00101067	9.66073e-06	0.000895634	-0.00341822	
56.27	0.000598192	0.00092461	0.00100234	1.0079e-05	0.000897598	-0.00338964	
56.27	0.000598192	0.00092461	0.00100234	1.0079e-05	0.000897598	-0.00338964	
56.28	0.000598752	0.000916691	0.000995388	9.63719e-06	0.000895569	-0.00336243	
56.28	0.000598752	0.000916691	0.000995388	9.63719e-06	0.000895569	-0.00336243	
56.29	0.000599446	0.000909904	0.00098654	1.05974e-05	0.000898017	-0.00333245	
56.29	0.000599446	0.000909904	0.00098654	1.05974e-05	0.000898017	-0.00333245	
56.3	0.000600128	0.000901858	0.000979209	9.54979e-06	0.000896943	-0.00330408	
56.3	0.000600128	0.000901858	0.000979209	9.54979e-06	0.000896943	-0.00330408	
56.31	0.000600902	0.000894756	0.00097068	1.04042e-05	0.000898375	-0.00327522	
56.31	0.000600902	0.000894756	0.00097068	1.04042e-05	0.000898375	-0.00327522	
56.32	0.000601492	0.00088666	0.000963515	1.00971e-05	0.000896056	-0.0032472	
56.32	0.000601492	0.00088666	0.000963515	1.00971e-05	0.000896056	-0.0032472	
56.33	0.000602156	0.000879564	0.000954837	1.08305e-05	0.000897986	-0.00321669	
56.33	0.000602156	0.000879564	0.000954837	1.08305e-05	0.000897986	-0.00321669	
56.34	0.000602598	0.000871404	0.000947182	9.74592e-06	0.000896776	-0.00318755	
56.34	0.000602598	0.000871404	0.000947182	9.74592e-06	0.000896776	-0.00318755	
56.35	0.000603227	0.000864237	0.000938548	1.04835e-05	0.00089792	-0.00315769	
56.35	0.000603227	0.000864237	0.000938548	1.04835e-05	0.00089792	-0.00315769	
56.36	0.000603836	0.000855908	0.000930866	1.04531e-05	0.000896213	-0.00312919	
56.36	0.000603836	0.000855908	0.000930866	1.04531e-05	0.000896213	-0.00312919	
56.37	0.000604394	0.000848656	0.000921873	1.07593e-05	0.000898634	-0.0030981	
56.37	0.000604394	0.000848656	0.000921873	1.07593e-05	0.000898634	-0.0030981	
56.38	0.000604935	0.000840263	0.000914213	9.74515e-06	0.000895974	-0.00306856	
56.38	0.000604935	0.000840263	0.000914213	9.74515e-06	0.000895974	-0.00306856	
56.39	0.000605547	0.000832726	0.000905354	1.11272e-05	0.000896887	-0.00303818	
56.39	0.000605547	0.000832726	0.000905354	1.11272e-05	0.000896887	-0.00303818	
56.4	0.000606005	0.000824264	0.000897344	1.06201e-05	0.000896011	-0.00300872	
56.4	0.000606005	0.000824264	0.000897344	1.06201e-05	0.000896011	-0.00300872	
56.41	0.000606531	0.000816772	0.000888255	1.1003e-05	0.00089785	-0.00297684	
56.41	0.000606531	0.000816772	0.000888255	1.1003e-05	0.00089785	-0.00297684	
56.42	0.000606971	0.000808245	0.00088022	1.02967e-05	0.000895525	-0.00294671	
56.42	0.000606971	0.000808245	0.00088022	1.02967e-05	0.000895525	-0.00294671	
56.43	0.000607527	0.000800554	0.000871038	1.10837e-05	0.000896774	-0.00291568	
56.43	0.000607527	0.000800554	0.000871038	1.10837e-05	0.000896774	-0.00291568	
56.44	0.000607895	0.000791923	0.000863001	1.05972e-05	0.000894686	-0.00288556	
56.44	0.000607895	0.000791923	0.000863001	1.05972e-05	0.000894686	-0.00288556	
56.45	0.000608404	0.000784135	0.000853802	1.12523e-05	0.000895515	-0.00285326	
56.45	0.000608404	0.000784135	0.000853802	1.12523e-05	0.000895515	-0.00285326	
56.46	0.000608678	0.000775465	0.000845612	1.07676e-05	0.000893792	-0.00282244	
56.46	0.000608678	0.000775465	0.000845612	1.07676e-05	0.000893792	-0.00282244	
56.47	0.000609063	0.000767685	0.000836156	1.16674e-05	0.000895504	-0.00279032	
56.47	0.000609063	0.000767685	0.000836156	1.16674e-05	0.000895504	-0.00279032	
56.48	0.000609311	0.000758912	0.000828	1.06872e-05	0.000892551	-0.00275943	
56.48	0.000609311	0.000758912	0.000828	1.06872e-05	0.000892551	-0.00275943	
56.49	0.000609787	0.000750842	0.000818431	1.14962e-05	0.000893776	-0.00272665	
56.49	0.000609787	0.000750842	0.000818431	1.14962e-05	0.000893776	-0.00272665	
56.5	0.000610047	0.00074197	0.00080992	1.12996e-05	0.000892167	-0.00269556	
56.5	0.000610047	0.00074197	0.00080992	1.12996e-05	0.000892167	-0.00269556	
56.51	0.000610413	0.000733971	0.000800322	1.18243e-05	0.000893177	-0.00266244	
56.51	0.000610413	0.000733971	0.000800322	1.18243e-05	0.000893177	-0.00266244	
56.52	0.000610459	0.000725002	0.000791972	1.08549e-05	0.000890151	-0.0026308	
56.52	0.000610459	0.000725002	0.000791972	1.08549e-05	0.000890151	-0.0026308	
56.53	0.000611009	0.000716793	0.000782173	1.19352e-05	0.000891363	-0.00259793	
56.53	0.000611009	0.000716793	0.000782173	1.19352e-05	0.000891363	-0.00259793	
56.54	0.000611235	0.000707691	0.000773288	1.11886e-05	0.000889877	-0.00256597	
56.54	0.000611235	0.000707691	0.000773288	1.11886e-05	0.000889877	-0.00256597	
56.55	0.000611406	0.000699502	0.000763844	1.20065e-05	0.000889948	-0.00253189	
56.55	0.000611406	0.000699502	0.000763844	1.20065e-05	0.000889948	-0.00253189	
56.56	0.000611555	0.000690352	0.000754992	1.13411e-05	0.000887393	-0.00249991	
56.56	0.000611555	0.000690352	0.000754992	1.13411e-05	0.000887393	-0.00249991	
56.57	0.000611737	0.000682121	0.000745154	1.20604e-05	0.000887904	-0.00246532	
56.57	0.000611737	0.000682121	0.000745154	1.20604e-05	0.000887904	-0.00246532	
56.58	0.000611762	0.000672835	0.000736394	1.18051e-05	0.000885883	-0.0024332	
56.58	0.000611762	0.000672835	0.000736394	1.18051e-05	0.000885883	-0.0024332	
56.59	0.000612105	0.00066435	0.000726159	1.26854e-05	0.00088711	-0.00239937	
56.59	0.000612105	0.00066435	0.000726159	1.26854e-05	0.00088711	-0.00239937	
56.6	0.000612172	0.000654918	0.000717193	1.15869e-05	0.00088443	-0.00236612	
56.6	0.000612172	0.000654918	0.000717193	1.15869e-05	0.00088443	-0.00236612	
56.61	0.000612377	0.000646472	0.000707061	1.22068e-05	0.000884911	-0.00233107	
56.61	0.000612377	0.000646472	0.000707061	1.22068e-05	0.000884911	-0.00233107	
56.62	0.00061234	0.000637013	0.000698119	1.20917e-05	0.000881991	-0.00229781	
56.62	0.00061234	0.000637013	0.000698119	1.20917e-05	0.000881991	-0.00229781	
56.63	0.000612473	0.000628433	0.000687702	1.25858e-05	0.000882798	-0.0022633	
56.63	0.000612473	0.000628433	0.000687702	1.25858e-05	0.000882798	-0.0022633	
56.64	0.000612492	0.000618889	0.00067855	1.21362e-05	0.000880228	-0.00222952	
56.64	0.000612492	0.000618889	0.00067855	1.21362e-05	0.000880228	-0.00222952	
56.65	0.0006126	0.000610191	0.000668112	1.27702e-05	0.000880832	-0.00219402	
56.65	0.0006126	0.000610191	0.000668112	1.27702e-05	0.000880832	-0.00219402	
56.66	0.000612474	0.000600558	0.000658851	1.22863e-05	0.000877954	-0.00216036	
56.66	0.000612474	0.000600558	0.000658851	1.22863e-05	0.000877954	-0.00216036	
56.67	0.000612513	0.00059173	0.000648498	1.29752e-05	0.000878064	-0.00212491	
56.67	0.000612513	0.00059173	0.000648498	1.29752e-05	0.000878064	-0.00212491	
56.68	0.000612452	0.00058205	0.000638837	1.22832e-05	0.000876065	-0.00209056	
56.68	0.000612452	0.00058205	0.000638837	1.22832e-05	0.000876065	-0.00209056	
56.69	0.000612568	0.000573101	0.000628295	1.32254e-05	0.000876745	-0.00205461	
56.69	0.000612568	0.000573101	0.000628295	1.32254e-05	0.000876745	-0.00205461	
56.7	0.000612222	0.000563481	0.000619012	1.27902e-05	0.000872505	-0.00201949	
56.7	0.000612222	0.000563481	0.000619012	1.27902e-05	0.000872505	-0.00201949	
56.71	0.000612256	0.000554404	0.000608476	1.35489e-05	0.000872222	-0.00198369	
56.71	0.000612256	0.000554404	0.000608476	1.35489e-05	0.000872222	-0.00198369	
56.72	0.00061206	0.000544435	0.000598913	1.28679e-05	0.000869957	-0.00194884	
56.72	0.00061206	0.000544435	0.000598913	1.28679e-05	0.000869957	-0.00194884	
56.73	0.000612141	0.000535338	0.000587974	1.34689e-05	0.000870539	-0.00191219	
56.73	0.000612141	0.000535338	0.000587974	1.34689e-05	0.000870539	-0.00191219	
56.74	0.000611756	0.000525476	0.00057813	1.30525e-05	0.000867524	-0.00187664	
56.74	0.000611756	0.000525476	0.00057813	1.30525e-05	0.000867524	-0.00187664	
56.75	0.00061182	0.000516158	0.000567114	1.3835e-05	0.000868019	-0.00184033	
56.75	0.00061182	0.000516158	0.000567114	1.3835e-05	0.000868019	-0.00184033	
56.76	0.000611423	0.000506166	0.000557377	1.33939e-05	0.000864259	-0.00180432	
56.76	0.000611423	0.000506166	0.000557377	1.33939e-05	0.000864259	-0.00180432	
56.77	0.000611265	0.0004969	0.000546396	1.40279e-05	0.000864291	-0.00176698	
56.77	0.000611265	0.0004969	0.000546396	1.40279e-05	0.000864291	-0.00176698	
56.78	0.000611046	0.000486678	0.000536404	1.36738e-05	0.000861279	-0.00173139	
56.78	0.000611046	0.000486678	0.000536404	1.36738e-05	0.000861279	-0.00173139	
56.79	0.000610789	0.000477332	0.000525324	1.41897e-05	0.000861326	-0.00169366	
56.79	0.000610789	0.000477332	0.000525324	1.41897e-05	0.000861326	-0.00169366	
56.8	0.000610484	0.000467124	0.000515169	1.37563e-05	0.00085799	-0.00165703	
56.8	0.000610484	0.000467124	0.000515169	1.37563e-05	0.00085799	-0.00165703	
56.81	0.000610256	0.000457579	0.000504028	1.46651e-05	0.000857928	-0.00161966	
56.81	0.000610256	0.000457579	0.000504028	1.46651e-05	0.000857928	-0.00161966	
56.82	0.000609855	0.000447263	0.00049371	1.40759e-05	0.000854727	-0.00158326	
56.82	0.000609855	0.000447263	0.00049371	1.40759e-05	0.000854727	-0.00158326	
56.83	0.000609576	0.000437764	0.000482469	1.48368e-05	0.000854294	-0.00154449	
56.83	0.000609576	0.000437764	0.000482469	1.48368e-05	0.000854294	-0.00154449	
56.84	0.000609077	0.000427395	0.000472201	1.44793e-05	0.000850577	-0.0015071	
56.84	0.000609077	0.000427395	0.000472201	1.44793e-05	0.000850577	-0.0015071	
56.85	0.000608648	0.000417842	0.000460881	1.47852e-05	0.000850192	-0.00146872	
56.85	0.000608648	0.000417842	0.000460881	1.47852e-05	0.000850192	-0.00146872	
56.86	0.000608226	0.000407301	0.000450447	1.45595e-05	0.000846887	-0.00143191	
56.86	0.000608226	0.000407301	0.000450447	1.45595e-05	0.000846887	-0.00143191	
56.87	0.000607954	0.000397475	0.000438833	1.54135e-05	0.000846778	-0.00139288	
56.87	0.000607954	0.000397475	0.000438833	1.54135e-05	0.000846778	-0.00139288	
56.88	0.000607366	0.000386924	0.000428443	1.52936e-05	0.000842833	-0.00135507	
56.88	0.000607366	0.000386924	0.000428443	1.52936e-05	0.000842833	-0.00135507	
56.89	0.000607017	0.000377007	0.00041684	1.5714e-05	0.000842365	-0.00131608	
56.89	0.000607017	0.000377007	0.00041684	1.5714e-05	0.000842365	-0.00131608	
56.9	0.000606427	0.000366305	0.000405905	1.46927e-05	0.000839596	-0.00127815	
56.9	0.000606427	0.000366305	0.000405905	1.46927e-05	0.000839596	-0.00127815	
56.91	0.000605859	0.00035651	0.000394282	1.54873e-05	0.00083841	-0.00123818	
56.91	0.000605859	0.00035651	0.000394282	1.54873e-05	0.00083841	-0.00123818	
56.92	0.000605317	0.000345694	0.00038346	1.58053e-05	0.000834659	-0.0012003	
56.92	0.000605317	0.000345694	0.00038346	1.58053e-05	0.000834659	-0.0012003	
56.93	0.000604769	0.000335765	0.00037172	1.61335e-05	0.000834004	-0.0011603	
56.93	0.000604769	0.000335765	0.00037172	1.61335e-05	0.000834004	-0.0011603	
56.94	0.000604105	0.00032478	0.000360769	1.55091e-05	0.000830238	-0.00112182	
56.94	0.000604105	0.00032478	0.000360769	1.55091e-05	0.000830238	-0.00112182	
56.95	0.000603634	0.000314799	0.000348976	1.63273e-05	0.000829478	-0.00108139	
56.95	0.000603634	0.000314799	0.000348976	1.63273e-05	0.000829478	-0.00108139	
56.96	0.000602909	0.000303808	0.000337974	1.63122e-05	0.000825663	-0.00104251	
56.96	0.000602909	0.000303808	0.000337974	1.63122e-05	0.000825663	-0.00104251	
56.97	0.000602174	0.000293643	0.000325954	1.67757e-05	0.000824405	-0.00100187	
56.97	0.000602174	0.000293643	0.000325954	1.67757e-05	0.000824405	-0.00100187	
56.98	0.000601615	0.000282649	0.000314743	1.63028e-05	0.000820942	-0.000962691	
56.98	0.000601615	0.000282649	0.000314743	1.63028e-05	0.000820942	-0.000962691	
56.99	0.00060088	0.000272399	0.000302615	1.6898e-05	0.000820397	-0.000921819	
56.99	0.00060088	0.000272399	0.000302615	1.6898e-05	0.000820397	-0.000921819	
57	0.000600108	0.000261314	0.000291186	1.63713e-05	0.000816193	-0.000881791	
57	0.000600108	0.000261314	0.000291186	1.63713e-05	0.000816193	-0.000881791	
57.01	0.000599394	0.000250941	0.000279172	1.73928e-05	0.000814569	-0.000841021	
57.01	0.000599394	0.000250941	0.000279172	1.73928e-05	0.000814569	-0.000841021	
57.02	0.00059867	0.000239769	0.000267487	1.71831e-05	0.000811322	-0.00080118	
57.02	0.00059867	0.000239769	0.000267487	1.71831e-05	0.000811322	-0.00080118	
57.03	0.000597859	0.000229314	0.000255148	1.7385e-05	0.000810854	-0.000759345	
57.03	0.000597859	0.000229314	0.000255148	1.7385e-05	0.000810854	-0.000759345	
57.04	0.000596985	0.000217944	0.000243857	1.71115e-05	0.000805853	-0.000719111	
57.04	0.000596985	0.000217944	0.000243857	1.71115e-05	0.000805853	-0.000719111	
57.05	0.000596229	0.000207442	0.000231361	1.79698e-05	0.00080438	-0.000677573	
57.05	0.000596229	0.000207442	0.000231361	1.79698e-05	0.00080438	-0.000677573	
57.06	0.000595351	0.000196042	0.000219636	1.73675e-05	0.000800936	-0.000636856	
57.06	0.000595351	0.000196042	0.000219636	1.73675e-05	0.000800936	-0.000636856	
57.07	0.000594555	0.000185423	0.000207017	1.80361e-05	0.000799999	-0.000594807	
57.07	0.000594555	0.000185423	0.000207017	1.80361e-05	0.000799999	-0.000594807	
57.08	0.000593557	0.000173852	0.000195228	1.78125e-05	0.000795728	-0.000554199	
57.08	0.000593557	0.000173852	0.000195228	1.78125e-05	0.000795728	-0.000554199	
57.09	0.000592713	0.000163226	0.000182509	1.85454e-05	0.00079408	-0.000511125	
57.09	0.000592713	0.000163226	0.000182509	1.85454e-05	0.00079408	-0.000511125	
57.1	0.00059163	0.000151708	0.00017085	1.83444e-05	0.000789339	-0.000469738	
57.1	0.00059163	0.000151708	0.00017085	1.83444e-05	0.000789339	-0.000469738	
57.11	0.000590624	0.000140963	0.000158074	1.8822e-05	0.000788381	-0.000426816	
57.11	0.000590624	0.000140963	0.000158074	1.8822e-05	0.000788381	-0.000426816	
57.12	0.000589687	0.000129282	0.000146199	1.85531e-05	0.000783721	-0.000385437	
57.12	0.000589687	0.000129282	0.000146199	1.85531e-05	0.000783721	-0.000385437	
57.13	0.000588574	0.000118418	0.000133445	1.92349e-05	0.000781437	-0.000342427	
57.13	0.000588574	0.000118418	0.000133445	1.92349e-05	0.000781437	-0.000342427	
57.14	0.000587575	0.000106693	0.00012114	1.87067e-05	0.000777814	-0.0003001	
57.14	0.000587575	0.000106693	0.00012114	1.87067e-05	0.000777814	-0.0003001	
57.15	0.000586528	9.5733e-05	0.000108048	1.94125e-05	0.000776903	-0.000256564	
57.15	0.000586528	9.5733e-05	0.000108048	1.94125e-05	0.000776903	-0.000256564	
57.16	0.000585276	8.39683e-05	9.60538e-05	1.93983e-05	0.000771783	-0.000214287	
57.16	0.000585276	8.39683e-05	9.60538e-05	1.93983e-05	0.000771783	-0.000214287	
57.17	0.000584309	7.2861e-05	8.28064e-05	1.99371e-05	0.000769953	-0.000170935	
57.17	0.000584309	7.2861e-05	8.28064e-05	1.99371e-05	0.000769953	-0.000170935	
57.18	0.00058302	6.10944e-05	7.06637e-05	1.94278e-05	0.000765332	-0.000127714	
57.18	0.00058302	6.10944e-05	7.06637e-05	1.94278e-05	0.000765332	-0.000127714	
57.19	0.000581842	4.98643e-05	5.75674e-05	2.03259e-05	0.000763052	-8.34465e-05	
57.19	0.000581842	4.98643e-05	5.75674e-05	2.03259e-05	0.000763052	-8.34465e-05	
57.2	0.0005807	3.79648e-05	4.51782e-05	2.00642e-05	0.000758333	-4.06993e-05	
57.2	0.0005807	3.79648e-05	4.51782e-05	2.00642e-05	0.000758333	-4.06993e-05	
57.21	0.000579682	2.66175e-05	3.14874e-05	2.04138e-05	0.000757686	3.08929e-06	
57.21	0.000579682	2.66175e-05	3.14874e-05	2.04138e-05	0.000757686	3.08929e-06	
57.22	0.000578215	1.46253e-05	1.91356e-05	2.01792e-05	0.000753016	4.65652e-05	
57.22	0.000578215	1.46253e-05	1.91356e-05	2.01792e-05	0.000753016	4.65652e-05	
57.23	0.00057707	3.23865e-06	5.89239e-06	2.10276e-05	0.000749642	9.20611e-05	
57.23	0.00057707	3.23865e-06	5.89239e-06	2.10276e-05	0.000749642	9.20611e-05	
57.24	0.000575669	-8.7872e-06	-6.89422e-06	2.0563e-05	0.000745311	0.000135645	
57.24	0.000575669	-8.7872e-06	-6.89422e-06	2.0563e-05	0.000745311	0.000135645	
57.25	0.000574374	-2.01811e-05	-2.04791e-05	2.1276e-05	0.000743711	0.000180583	
57.25	0.000574374	-2.01811e-05	-2.04791e-05	2.1276e-05	0.000743711	0.000180583	
57.26	0.000572973	-3.24418e-05	-3.30513e-05	2.11621e-05	0.000738706	0.000224371	
57.26	0.000572973	-3.24418e-05	-3.30513e-05	2.11621e-05	0.000738706	0.000224371	
57.27	0.000571777	-4.39866e-05	-4.67814e-05	2.1567e-05	0.000736093	0.000269765	
57.27	0.000571777	-4.39866e-05	-4.67814e-05	2.1567e-05	0.000736093	0.000269765	
57.28	0.000570356	-5.63361e-05	-5.97424e-05	2.12548e-05	0.000731761	0.000313939	
57.28	0.000570356	-5.63361e-05	-5.97424e-05	2.12548e-05	0.000731761	0.000313939	
57.29	0.000568994	-6.78695e-05	-7.34957e-05	2.19002e-05	0.000729714	0.000359684	
57.29	0.000568994	-6.78695e-05	-7.34957e-05	2.19002e-05	0.000729714	0.000359684	
57.3	0.000567515	-8.02267e-05	-8.64826e-05	2.19302e-05	0.000724618	0.000404784	
57.3	0.000567515	-8.02267e-05	-8.64826e-05	2.19302e-05	0.000724618	0.000404784	
57.31	0.000566133	-9.19525e-05	-0.00010034	2.24053e-05	0.00072221	0.0004508	
57.31	0.000566133	-9.19525e-05	-0.00010034	2.24053e-05	0.00072221	0.0004508	
57.32	0.00056455	-0.000104303	-0.000113307	2.18017e-05	0.000716535	0.000495556	
57.32	0.00056455	-0.000104303	-0.000113307	2.18017e-05	0.000716535	0.000495556	
