197.36	0.25	0.566593	0.28	-0.0115262	0.65	0.651981	0	7.16275e-05	0	3.60163e-08	0	-8.2304e-09	
197.37	0.25	0.566592	0.28	-0.0115286	0.65	0.651982	0	7.13878e-05	0	3.57256e-08	0	-8.1433e-09	
197.38	0.25	0.566672	0.28	-0.0110901	0.65	0.651892	0	0.000149838	0	1.45685e-07	0	-3.02512e-08	
197.39	0.25	0.566667	0.28	-0.0110644	0.65	0.651885	0	0.000141037	0	1.35279e-07	0	-2.90794e-08	
197.4	0.25	0.566637	0.28	-0.0110363	0.65	0.651882	0	0.000141489	0	1.24428e-07	0	-2.95592e-08	
197.41	0.25	0.566586	0.28	-0.0109893	0.65	0.651873	0	0.000141016	0	1.05437e-07	0	-3.06854e-08	
197.42	0.25	0.566515	0.28	-0.0109235	0.65	0.651859	0	0.000142249	0	8.02959e-08	0	-3.29682e-08	
197.43	0.25	0.566425	0.28	-0.0108381	0.65	0.651841	0	0.000141281	0	4.66728e-08	0	-3.53337e-08	
197.44	0.25	0.566314	0.28	-0.0107344	0.65	0.651822	0	0.000141281	0	6.37088e-09	0	-3.80238e-08	
197.45	0.25	0.566183	0.28	-0.0106117	0.65	0.651803	0	0.000140083	0	-4.06568e-08	0	-4.03343e-08	
197.46	0.25	0.566031	0.28	-0.0104709	0.65	0.651786	0	0.000140432	0	-9.4947e-08	0	-4.26719e-08	
197.47	0.25	0.565859	0.28	-0.0103114	0.65	0.651772	0	0.000139045	0	-1.54558e-07	0	-4.41332e-08	
197.48	0.25	0.565666	0.28	-0.0101342	0.65	0.651762	0	0.00013944	0	-2.22649e-07	0	-4.56304e-08	
197.49	0.25	0.565452	0.28	-0.009938	0.65	0.651754	0	0.000138656	0	-2.95381e-07	0	-4.63245e-08	
197.5	0.25	0.565217	0.28	-0.00972422	0.65	0.651749	0	0.000139314	0	-3.77924e-07	0	-4.70662e-08	
197.51	0.25	0.564962	0.28	-0.00949175	0.65	0.651747	0	0.000138787	0	-4.63965e-07	0	-4.70439e-08	
197.52	0.25	0.564686	0.28	-0.00924116	0.65	0.651748	0	0.000139506	0	-5.60896e-07	0	-4.71105e-08	
197.53	0.25	0.56439	0.28	-0.0089724	0.65	0.651751	0	0.000138941	0	-6.59376e-07	0	-4.64117e-08	
197.54	0.25	0.564074	0.28	-0.00868624	0.65	0.651756	0	0.000140264	0	-7.73969e-07	0	-4.60045e-08	
197.55	0.25	0.563738	0.28	-0.00838204	0.65	0.651764	0	0.00013939	0	-8.83258e-07	0	-4.45759e-08	
197.56	0.25	0.563383	0.28	-0.0080607	0.65	0.651774	0	0.000140008	0	-1.00833e-06	0	-4.33408e-08	
197.57	0.25	0.563008	0.28	-0.00772206	0.65	0.651785	0	0.00013887	0	-1.12668e-06	0	-4.14027e-08	
197.58	0.25	0.562615	0.28	-0.00736689	0.65	0.651797	0	0.00013922	0	-1.26287e-06	0	-3.96998e-08	
197.59	0.25	0.562204	0.28	-0.00699454	0.65	0.651809	0	0.000137927	0	-1.38944e-06	0	-3.74754e-08	
197.6	0.25	0.561775	0.28	-0.00660586	0.65	0.651821	0	0.000137627	0	-1.53073e-06	0	-3.5574e-08	
197.61	0.25	0.561328	0.28	-0.00619994	0.65	0.651832	0	0.000135751	0	-1.65821e-06	0	-3.34409e-08	
197.62	0.25	0.560864	0.28	-0.00577816	0.65	0.65184	0	0.000135515	0	-1.8095e-06	0	-3.19775e-08	
197.63	0.25	0.560384	0.28	-0.00533899	0.65	0.651846	0	0.000133459	0	-1.93966e-06	0	-3.04449e-08	
197.64	0.25	0.559886	0.28	-0.00488415	0.65	0.651849	0	0.0001329	0	-2.09437e-06	0	-2.96046e-08	
197.65	0.25	0.559372	0.28	-0.00441215	0.65	0.651849	0	0.000131561	0	-2.24009e-06	0	-2.89788e-08	
197.66	0.25	0.558841	0.28	-0.00392465	0.65	0.651846	0	0.000131257	0	-2.40702e-06	0	-2.8927e-08	
197.67	0.25	0.558294	0.28	-0.00342043	0.65	0.651841	0	0.000129381	0	-2.54773e-06	0	-2.88565e-08	
197.68	0.25	0.55773	0.28	-0.00290136	0.65	0.651834	0	0.000129778	0	-2.73676e-06	0	-2.94073e-08	
197.69	0.25	0.557149	0.28	-0.00236586	0.65	0.651827	0	0.000128079	0	-2.88511e-06	0	-2.96532e-08	
197.7	0.25	0.556551	0.28	-0.00181572	0.65	0.651819	0	0.000128892	0	-3.09422e-06	0	-3.04686e-08	
197.71	0.25	0.555937	0.28	-0.00124959	0.65	0.651811	0	0.000127611	0	-3.2576e-06	0	-3.07795e-08	
197.72	0.25	0.555306	0.28	-0.000669004	0.65	0.651803	0	0.000128524	0	-3.48176e-06	0	-3.15179e-08	
197.73	0.25	0.554658	0.28	-7.28211e-05	0.65	0.651797	0	0.000127243	0	-3.65104e-06	0	-3.16204e-08	
197.74	0.25	0.553994	0.28	0.000537156	0.65	0.651791	0	0.000128161	0	-3.88816e-06	0	-3.20292e-08	
197.75	0.25	0.553313	0.28	0.00116288	0.65	0.651787	0	0.000127192	0	-4.07293e-06	0	-3.18711e-08	
197.76	0.25	0.552615	0.28	0.00180217	0.65	0.651785	0	0.000127745	0	-4.31093e-06	0	-3.18563e-08	
197.77	0.25	0.551901	0.28	0.00245663	0.65	0.651783	0	0.000126283	0	-4.48426e-06	0	-3.12034e-08	
197.78	0.25	0.551172	0.28	0.00312458	0.65	0.651783	0	0.000126791	0	-4.73095e-06	0	-3.07998e-08	
197.79	0.25	0.550426	0.28	0.00380753	0.65	0.651785	0	0.000125333	0	-4.90735e-06	0	-2.98195e-08	
197.8	0.25	0.549664	0.28	0.00450381	0.65	0.651787	0	0.000125601	0	-5.15404e-06	0	-2.90767e-08	
197.81	0.25	0.548887	0.28	0.00521459	0.65	0.65179	0	0.000123534	0	-5.30621e-06	0	-2.77235e-08	
197.82	0.25	0.548094	0.28	0.00593829	0.65	0.651794	0	0.000124042	0	-5.57074e-06	0	-2.68051e-08	
197.83	0.25	0.547286	0.28	0.00667671	0.65	0.651798	0	0.000121539	0	-5.70066e-06	0	-2.5209e-08	
197.84	0.25	0.546464	0.28	0.00742745	0.65	0.651803	0	0.000121278	0	-5.93481e-06	0	-2.40368e-08	
197.85	0.25	0.545626	0.28	0.00819268	0.65	0.651807	0	0.000118446	0	-6.04118e-06	0	-2.24292e-08	
197.86	0.25	0.544774	0.28	0.00897031	0.65	0.651812	0	0.000118619	0	-6.29972e-06	0	-2.13427e-08	
197.87	0.25	0.543908	0.28	0.00976192	0.65	0.651816	0	0.000115747	0	-6.39502e-06	0	-1.98417e-08	
197.88	0.25	0.543028	0.28	0.0105658	0.65	0.651819	0	0.00011571	0	-6.64492e-06	0	-1.88203e-08	
197.89	0.25	0.542134	0.28	0.0113835	0.65	0.651821	0	0.000112698	0	-6.72128e-06	0	-1.74799e-08	
197.9	0.25	0.541226	0.28	0.0122131	0.65	0.651823	0	0.000113038	0	-6.99571e-06	0	-1.66825e-08	
197.91	0.25	0.540305	0.28	0.0130562	0.65	0.651824	0	0.000110237	0	-7.07411e-06	0	-1.55832e-08	
197.92	0.25	0.53937	0.28	0.0139108	0.65	0.651824	0	0.000110387	0	-7.33963e-06	0	-1.49843e-08	
197.93	0.25	0.538422	0.28	0.0147794	0.65	0.651823	0	0.000107722	0	-7.41588e-06	0	-1.40984e-08	
197.94	0.25	0.537461	0.28	0.0156587	0.65	0.651821	0	0.000108318	0	-7.71542e-06	0	-1.36947e-08	
197.95	0.25	0.536487	0.28	0.0165516	0.65	0.651819	0	0.000105627	0	-7.77941e-06	0	-1.3001e-08	
197.96	0.25	0.5355	0.28	0.0174554	0.65	0.651816	0	0.000106446	0	-8.10099e-06	0	-1.27188e-08	
197.97	0.25	0.5345	0.28	0.0183722	0.65	0.651812	0	0.000103988	0	-8.17254e-06	0	-1.2187e-08	
197.98	0.25	0.533488	0.28	0.0193	0.65	0.651808	0	0.000104829	0	-8.5029e-06	0	-1.19766e-08	
197.99	0.25	0.532463	0.28	0.0202404	0.65	0.651803	0	0.000102643	0	-8.58764e-06	0	-1.15547e-08	
198	0.25	0.531425	0.28	0.0211913	0.65	0.651799	0	0.000103605	0	-8.93602e-06	0	-1.1365e-08	
198.01	0.25	0.530375	0.28	0.0221547	0.65	0.651794	0	0.000101072	0	-8.98213e-06	0	-1.09028e-08	
198.02	0.25	0.529313	0.28	0.0231282	0.65	0.65179	0	0.000102133	0	-9.34701e-06	0	-1.06975e-08	
198.03	0.25	0.528238	0.28	0.0241141	0.65	0.651785	0	9.92385e-05	0	-9.34817e-06	0	-1.01677e-08	
198.04	0.25	0.527152	0.28	0.0251098	0.65	0.651781	0	0.00010029	0	-9.71929e-06	0	-9.95299e-09	
198.05	0.25	0.526053	0.28	0.0261176	0.65	0.651777	0	9.74972e-05	0	-9.7161e-06	0	-9.37383e-09	
198.06	0.25	0.524943	0.28	0.027135	0.65	0.651773	0	9.83617e-05	0	-1.00752e-05	0	-9.06637e-09	
198.07	0.25	0.523821	0.28	0.0281644	0.65	0.651769	0	9.5112e-05	0	-1.00091e-05	0	-8.48584e-09	
198.08	0.25	0.522687	0.28	0.0292026	0.65	0.651765	0	9.49377e-05	0	-1.02599e-05	0	-8.11499e-09	
198.09	0.25	0.521542	0.28	0.0302527	0.65	0.651761	0	9.09651e-05	0	-1.00912e-05	0	-7.43951e-09	
198.1	0.25	0.520385	0.28	0.0313117	0.65	0.651761	0	9.00778e-05	0	-1.02536e-05	0	-6.67904e-09	
198.11	0.25	0.519216	0.28	0.0323813	0.65	0.651766	0	8.31091e-05	0	-9.70347e-06	0	-5.09644e-09	
198.12	0.25	0.518036	0.28	0.0334583	0.65	0.651775	0	7.90449e-05	0	-9.4626e-06	0	-3.28046e-09	
198.13	0.25	0.516846	0.28	0.034547	0.65	0.651783	0	7.17359e-05	0	-8.80168e-06	0	-1.81559e-09	
198.14	0.25	0.515645	0.28	0.0356455	0.65	0.65178	0	7.18243e-05	0	-9.02888e-06	0	-1.37883e-09	
198.15	0.25	0.514435	0.28	0.0367571	0.65	0.651769	0	7.00336e-05	0	-9.01654e-06	0	-1.6928e-09	
198.16	0.25	0.513214	0.28	0.0378767	0.65	0.651756	0	7.38442e-05	0	-9.73364e-06	0	-2.24974e-09	
198.17	0.25	0.511984	0.28	0.0390065	0.65	0.651745	0	7.18601e-05	0	-9.69451e-06	0	-2.46842e-09	
198.18	0.25	0.510743	0.28	0.0401425	0.65	0.651741	0	7.22736e-05	0	-9.97616e-06	0	-2.16132e-09	
198.19	0.25	0.509492	0.28	0.0412878	0.65	0.651743	0	6.5096e-05	0	-9.19067e-06	0	-1.26235e-09	
198.2	0.25	0.508231	0.28	0.0424398	0.65	0.65175	0	6.03644e-05	0	-8.7147e-06	0	-1.42012e-10	
198.21	0.25	0.506959	0.28	0.0436023	0.65	0.651758	0	5.01751e-05	0	-7.40466e-06	0	7.81927e-10	
198.22	0.25	0.505678	0.28	0.0447717	0.65	0.651766	0	4.45553e-05	0	-6.71949e-06	0	1.52175e-09	
198.23	0.25	0.504388	0.28	0.045952	0.65	0.651771	0	3.5178e-05	0	-5.41999e-06	0	1.72298e-09	
198.24	0.25	0.503089	0.28	0.0471394	0.65	0.651774	0	3.16138e-05	0	-4.9748e-06	0	1.9568e-09	
198.25	0.25	0.501782	0.28	0.0483374	0.65	0.651773	0	2.44592e-05	0	-3.92997e-06	0	1.70722e-09	
198.26	0.25	0.500466	0.28	0.0495414	0.65	0.651769	0	2.35511e-05	0	-3.86273e-06	0	1.79939e-09	
198.27	0.25	0.499142	0.28	0.0507556	0.65	0.651763	0	1.84318e-05	0	-3.08512e-06	0	1.46487e-09	
198.28	0.25	0.49781	0.28	0.0519754	0.65	0.651756	0	1.91753e-05	0	-3.27462e-06	0	1.59424e-09	
198.29	0.25	0.49647	0.28	0.0532051	0.65	0.651748	0	1.48275e-05	0	-2.58278e-06	0	1.24851e-09	
198.3	0.25	0.495123	0.28	0.0544399	0.65	0.651741	0	1.59968e-05	0	-2.84155e-06	0	1.40017e-09	
198.31	0.25	0.493766	0.28	0.0556847	0.65	0.651733	0	1.13255e-05	0	-2.05102e-06	0	1.00717e-09	
198.32	0.25	0.492403	0.28	0.0569341	0.65	0.651725	0	1.20852e-05	0	-2.23084e-06	0	1.12005e-09	
198.33	0.25	0.491031	0.28	0.0581933	0.65	0.651718	0	7.21113e-06	0	-1.35647e-06	0	6.81934e-10	
198.34	0.25	0.489651	0.28	0.0594573	0.65	0.651711	0	7.49261e-06	0	-1.43597e-06	0	7.42625e-10	
198.35	0.25	0.488263	0.28	0.0607308	0.65	0.651704	0	2.35251e-06	0	-4.59247e-07	0	2.39308e-10	
198.36	0.25	0.486868	0.28	0.0620087	0.65	0.651697	0	2.51617e-06	0	-5.00231e-07	0	2.68621e-10	
198.37	0.25	0.485466	0.28	0.063296	0.65	0.651691	0	-3.63461e-06	0	7.35713e-07	0	-4.00545e-10	
198.38	0.25	0.484056	0.28	0.0645875	0.65	0.651685	0	-4.15923e-06	0	8.57037e-07	0	-4.84104e-10	
198.39	0.25	0.482638	0.28	0.0658877	0.65	0.65168	0	-1.07955e-05	0	2.26399e-06	0	-1.30645e-09	
198.4	0.25	0.481214	0.28	0.0671918	0.65	0.651676	0	-1.24549e-05	0	2.65789e-06	0	-1.60426e-09	
198.41	0.25	0.479782	0.28	0.0685049	0.65	0.651671	0	-2.01927e-05	0	4.38398e-06	0	-2.71539e-09	
198.42	0.25	0.478344	0.28	0.0698213	0.65	0.651668	0	-2.2436e-05	0	4.95471e-06	0	-3.2212e-09	
198.43	0.25	0.476899	0.28	0.0711464	0.65	0.651665	0	-3.12771e-05	0	7.0245e-06	0	-4.70392e-09	
198.44	0.25	0.475447	0.28	0.0724746	0.65	0.651663	0	-3.45829e-05	0	7.89752e-06	0	-5.56228e-09	
198.45	0.25	0.47399	0.28	0.0738112	0.65	0.65166	0	-4.4145e-05	0	1.02488e-05	0	-7.44916e-09	
198.46	0.25	0.472526	0.28	0.0751505	0.65	0.651658	0	-4.8217e-05	0	1.13784e-05	0	-8.64349e-09	
198.47	0.25	0.471056	0.28	0.076498	0.65	0.651656	0	-5.77316e-05	0	1.38454e-05	0	-1.08151e-08	
198.48	0.25	0.46958	0.28	0.077848	0.65	0.651654	0	-6.21909e-05	0	1.51552e-05	0	-1.23298e-08	
198.49	0.25	0.468099	0.28	0.079206	0.65	0.651651	0	-7.20993e-05	0	1.78498e-05	0	-1.48594e-08	
198.5	0.25	0.466613	0.28	0.0805659	0.65	0.651648	0	-7.64321e-05	0	1.92212e-05	0	-1.65648e-08	
198.51	0.25	0.465121	0.28	0.081934	0.65	0.651645	0	-8.60907e-05	0	2.19882e-05	0	-1.92528e-08	
198.52	0.25	0.463624	0.28	0.0833034	0.65	0.651641	0	-9.01501e-05	0	2.33812e-05	0	-2.10563e-08	
198.53	0.25	0.462123	0.28	0.0846808	0.65	0.651637	0	-9.96291e-05	0	2.62352e-05	0	-2.39272e-08	
198.54	0.25	0.460617	0.28	0.0860594	0.65	0.651633	0	-0.000102993	0	2.75323e-05	0	-2.56671e-08	
198.55	0.25	0.459105	0.28	0.0874455	0.65	0.651627	0	-0.000112252	0	3.04575e-05	0	-2.85988e-08	
198.56	0.25	0.45759	0.28	0.0888326	0.65	0.651622	0	-0.000115512	0	3.18083e-05	0	-3.03985e-08	
198.57	0.25	0.45607	0.28	0.0902271	0.65	0.651616	0	-0.000124404	0	3.47611e-05	0	-3.33348e-08	
198.58	0.25	0.454546	0.28	0.0916224	0.65	0.65161	0	-0.000126765	0	3.59372e-05	0	-3.4987e-08	
198.59	0.25	0.453018	0.28	0.0930246	0.65	0.651603	0	-0.000135793	0	3.90524e-05	0	-3.80191e-08	
198.6	0.25	0.451486	0.28	0.0944274	0.65	0.651597	0	-0.000138194	0	4.03116e-05	0	-3.97742e-08	
198.61	0.25	0.44995	0.28	0.0958372	0.65	0.65159	0	-0.000146844	0	4.34419e-05	0	-4.28445e-08	
198.62	0.25	0.44841	0.28	0.0972469	0.65	0.651583	0	-0.000149532	0	4.48582e-05	0	-4.47543e-08	
198.63	0.25	0.446867	0.28	0.0986635	0.65	0.651576	0	-0.000158275	0	4.81414e-05	0	-4.79672e-08	
198.64	0.25	0.44532	0.28	0.10008	0.65	0.65157	0	-0.000161059	0	4.96636e-05	0	-5.01152e-08	
198.65	0.25	0.44377	0.28	0.101503	0.65	0.651562	0	-0.000169973	0	5.31277e-05	0	-5.35575e-08	
198.66	0.25	0.442216	0.28	0.102925	0.65	0.651556	0	-0.000173309	0	5.4904e-05	0	-5.60592e-08	
198.67	0.25	0.440659	0.28	0.104354	0.65	0.651549	0	-0.000182465	0	5.85797e-05	0	-5.97359e-08	
198.68	0.25	0.4391	0.28	0.105782	0.65	0.651544	0	-0.000186452	0	6.06555e-05	0	-6.27515e-08	
198.69	0.25	0.437537	0.28	0.107216	0.65	0.651536	0	-0.000196706	0	6.4834e-05	0	-6.7022e-08	
198.7	0.25	0.435972	0.28	0.108649	0.65	0.651531	0	-0.000200941	0	6.70951e-05	0	-7.03772e-08	
198.71	0.25	0.434404	0.28	0.110089	0.65	0.651524	0	-0.000211193	0	7.14308e-05	0	-7.49733e-08	
198.72	0.25	0.432833	0.28	0.111526	0.65	0.651519	0	-0.000216108	0	7.40317e-05	0	-7.88172e-08	
198.73	0.25	0.431261	0.28	0.11297	0.65	0.651513	0	-0.000226723	0	7.86557e-05	0	-8.38044e-08	
198.74	0.25	0.429686	0.28	0.114411	0.65	0.651508	0	-0.000232033	0	8.15135e-05	0	-8.80869e-08	
198.75	0.25	0.428109	0.28	0.115858	0.65	0.651501	0	-0.000242998	0	8.64327e-05	0	-9.34473e-08	
198.76	0.25	0.426531	0.28	0.117303	0.65	0.651496	0	-0.000248195	0	8.93765e-05	0	-9.80481e-08	
198.77	0.25	0.424951	0.28	0.118754	0.65	0.65149	0	-0.000259307	0	9.45256e-05	0	-1.03655e-07	
198.78	0.25	0.423369	0.28	0.120202	0.65	0.651484	0	-0.000264929	0	9.77532e-05	0	-1.08595e-07	
198.79	0.25	0.421786	0.28	0.121655	0.65	0.651477	0	-0.000275662	0	0.000102943	0	-1.14155e-07	
198.8	0.25	0.420202	0.28	0.123105	0.65	0.651472	0	-0.000281447	0	0.000106364	0	-1.19396e-07	
198.81	0.25	0.418617	0.28	0.12456	0.65	0.651464	0	-0.00029214	0	0.000111718	0	-1.25161e-07	
198.82	0.25	0.417031	0.28	0.126013	0.65	0.651459	0	-0.00029766	0	0.000115172	0	-1.30577e-07	
198.83	0.25	0.415444	0.28	0.12747	0.65	0.651451	0	-0.000308268	0	0.000120672	0	-1.36293e-07	
198.84	0.25	0.413856	0.28	0.128923	0.65	0.651445	0	-0.000313361	0	0.00012409	0	-1.41589e-07	
198.85	0.25	0.412268	0.28	0.130381	0.65	0.651437	0	-0.000323715	0	0.000129665	0	-1.47318e-07	
198.86	0.25	0.41068	0.28	0.131835	0.65	0.651431	0	-0.000329002	0	0.000133288	0	-1.52976e-07	
198.87	0.25	0.409092	0.28	0.133294	0.65	0.651422	0	-0.000339249	0	0.000138996	0	-1.58658e-07	
198.88	0.25	0.407503	0.28	0.134749	0.65	0.651416	0	-0.000344207	0	0.000142614	0	-1.64264e-07	
198.89	0.25	0.405915	0.28	0.136208	0.65	0.651407	0	-0.000354265	0	0.000148418	0	-1.69967e-07	
198.9	0.25	0.404327	0.28	0.137662	0.65	0.6514	0	-0.00035946	0	0.000152261	0	-1.7593e-07	
198.91	0.25	0.402739	0.28	0.139121	0.65	0.651392	0	-0.000369735	0	0.000158331	0	-1.81858e-07	
198.92	0.25	0.401151	0.28	0.140574	0.65	0.651385	0	-0.00037488	0	0.000162285	0	-1.88121e-07	
198.93	0.25	0.399565	0.28	0.142032	0.65	0.651376	0	-0.000384841	0	0.000168396	0	-1.93886e-07	
198.94	0.25	0.397978	0.28	0.143484	0.65	0.65137	0	-0.000390426	0	0.000172673	0	-2.00577e-07	
198.95	0.25	0.396393	0.28	0.144941	0.65	0.651361	0	-0.000400405	0	0.00017897	0	-2.06554e-07	
198.96	0.25	0.394809	0.28	0.146391	0.65	0.651354	0	-0.000406298	0	0.000183523	0	-2.13765e-07	
198.97	0.25	0.393226	0.28	0.147846	0.65	0.651345	0	-0.000416542	0	0.000190121	0	-2.20015e-07	
198.98	0.25	0.391644	0.28	0.149294	0.65	0.651339	0	-0.000422654	0	0.000194918	0	-2.2757e-07	
198.99	0.25	0.390064	0.28	0.150746	0.65	0.65133	0	-0.000432281	0	0.000201414	0	-2.33573e-07	
199	0.25	0.388485	0.28	0.152192	0.65	0.651324	0	-0.000438905	0	0.000206596	0	-2.41693e-07	
199.01	0.25	0.386908	0.28	0.153641	0.65	0.651314	0	-0.000448587	0	0.000213298	0	-2.47932e-07	
199.02	0.25	0.385333	0.28	0.155083	0.65	0.651308	0	-0.000455521	0	0.000218782	0	-2.56565e-07	
199.03	0.25	0.383759	0.28	0.156529	0.65	0.651299	0	-0.0004656	0	0.00022586	0	-2.63155e-07	
199.04	0.25	0.382188	0.28	0.157968	0.65	0.651293	0	-0.000472119	0	0.000231299	0	-2.71742e-07	
199.05	0.25	0.38062	0.28	0.159409	0.65	0.651284	0	-0.00048179	0	0.000238364	0	-2.77996e-07	
199.06	0.25	0.379053	0.28	0.160844	0.65	0.651278	0	-0.000488483	0	0.000244042	0	-2.87046e-07	
199.07	0.25	0.37749	0.28	0.162281	0.65	0.651268	0	-0.000498109	0	0.000251268	0	-2.93316e-07	
199.08	0.25	0.375929	0.28	0.16371	0.65	0.651262	0	-0.000505228	0	0.000257318	0	-3.02943e-07	
199.09	0.25	0.374371	0.28	0.165142	0.65	0.651252	0	-0.000514385	0	0.000264488	0	-3.08998e-07	
199.1	0.25	0.372816	0.28	0.166566	0.65	0.651246	0	-0.000520871	0	0.000270368	0	-3.18334e-07	
199.11	0.25	0.371264	0.28	0.167993	0.65	0.651236	0	-0.000530159	0	0.000277783	0	-3.24358e-07	
199.12	0.25	0.369715	0.28	0.169411	0.65	0.651229	0	-0.000536706	0	0.000283847	0	-3.33975e-07	
199.13	0.25	0.36817	0.28	0.170831	0.65	0.651219	0	-0.000545418	0	0.000291133	0	-3.39486e-07	
199.14	0.25	0.366629	0.28	0.172243	0.65	0.651213	0	-0.000552343	0	0.000297549	0	-3.49629e-07	
199.15	0.25	0.365091	0.28	0.173657	0.65	0.651203	0	-0.00056064	0	0.000304782	0	-3.54995e-07	
199.16	0.25	0.363557	0.28	0.175062	0.65	0.651196	0	-0.000567345	0	0.00031123	0	-3.65109e-07	
199.17	0.25	0.362027	0.28	0.176469	0.65	0.651186	0	-0.000575747	0	0.000318686	0	-3.70618e-07	
199.18	0.25	0.360501	0.28	0.177867	0.65	0.651179	0	-0.000582334	0	0.000325219	0	-3.80781e-07	
199.19	0.25	0.35898	0.28	0.179265	0.65	0.651169	0	-0.00059014	0	0.000332504	0	-3.85772e-07	
199.2	0.25	0.357463	0.28	0.180655	0.65	0.651162	0	-0.000597155	0	0.000339425	0	-3.96536e-07	
199.21	0.25	0.35595	0.28	0.182046	0.65	0.651152	0	-0.000604844	0	0.000346802	0	-4.0141e-07	
199.22	0.25	0.354442	0.28	0.183427	0.65	0.651146	0	-0.000611536	0	0.000353686	0	-4.12208e-07	
199.23	0.25	0.35294	0.28	0.184809	0.65	0.651135	0	-0.000619245	0	0.000361231	0	-4.16956e-07	
199.24	0.25	0.351442	0.28	0.186182	0.65	0.651129	0	-0.000626153	0	0.000368387	0	-4.28247e-07	
199.25	0.25	0.349949	0.28	0.187555	0.65	0.651118	0	-0.000633298	0	0.000375753	0	-4.32611e-07	
199.26	0.25	0.348461	0.28	0.188918	0.65	0.651112	0	-0.000640274	0	0.000383096	0	-4.4413e-07	
199.27	0.25	0.346979	0.28	0.190281	0.65	0.651101	0	-0.000647736	0	0.0003908	0	-4.48674e-07	
199.28	0.25	0.345502	0.28	0.191634	0.65	0.651095	0	-0.000654474	0	0.000398144	0	-4.60204e-07	
199.29	0.25	0.344031	0.28	0.192987	0.65	0.651084	0	-0.000661171	0	0.000405529	0	-4.64025e-07	
199.3	0.25	0.342566	0.28	0.194329	0.65	0.651078	0	-0.000668432	0	0.000413337	0	-4.76315e-07	
199.31	0.25	0.341107	0.28	0.195671	0.65	0.651067	0	-0.000674874	0	0.000420702	0	-4.79811e-07	
199.32	0.25	0.339654	0.28	0.197003	0.65	0.651061	0	-0.000681697	0	0.000428378	0	-4.91856e-07	
199.33	0.25	0.338207	0.28	0.198334	0.65	0.65105	0	-0.000687708	0	0.000435604	0	-4.95059e-07	
199.34	0.25	0.336767	0.28	0.199654	0.65	0.651044	0	-0.000694899	0	0.000443649	0	-5.07449e-07	
199.35	0.25	0.335333	0.28	0.200973	0.65	0.651033	0	-0.000700734	0	0.000450889	0	-5.10275e-07	
199.36	0.25	0.333906	0.28	0.202281	0.65	0.651027	0	-0.000707291	0	0.00045866	0	-5.22487e-07	
199.37	0.25	0.332485	0.28	0.203588	0.65	0.651016	0	-0.000713031	0	0.000465958	0	-5.25207e-07	
199.38	0.25	0.331072	0.28	0.204883	0.65	0.651009	0	-0.000719841	0	0.000474023	0	-5.376e-07	
199.39	0.25	0.329666	0.28	0.206177	0.65	0.650999	0	-0.000725002	0	0.000481053	0	-5.39776e-07	
199.4	0.25	0.328267	0.28	0.207459	0.65	0.650992	0	-0.00073172	0	0.000489181	0	-5.52551e-07	
199.41	0.25	0.326875	0.28	0.20874	0.65	0.650981	0	-0.000736844	0	0.000496294	0	-5.54342e-07	
199.42	0.25	0.325491	0.28	0.210008	0.65	0.650975	0	-0.000743452	0	0.000504468	0	-5.67115e-07	
199.43	0.25	0.324115	0.28	0.211275	0.65	0.650964	0	-0.000747648	0	0.000511052	0	-5.67964e-07	
199.44	0.25	0.322746	0.28	0.212529	0.65	0.650958	0	-0.000754304	0	0.000519373	0	-5.80716e-07	
199.45	0.25	0.321385	0.28	0.213782	0.65	0.650947	0	-0.00075862	0	0.000526126	0	-5.81869e-07	
199.46	0.25	0.320033	0.28	0.215022	0.65	0.650941	0	-0.000764769	0	0.000534205	0	-5.94185e-07	
199.47	0.25	0.318688	0.28	0.216259	0.65	0.65093	0	-0.00076837	0	0.000540541	0	-5.94329e-07	
199.48	0.25	0.317352	0.28	0.217484	0.65	0.650924	0	-0.000775036	0	0.000549085	0	-6.07558e-07	
199.49	0.25	0.316025	0.28	0.218706	0.65	0.650913	0	-0.000778353	0	0.000555293	0	-6.07309e-07	
199.5	0.25	0.314706	0.28	0.219915	0.65	0.650906	0	-0.000784762	0	0.000563754	0	-6.20309e-07	
199.51	0.25	0.313396	0.28	0.221121	0.65	0.650895	0	-0.000787964	0	0.000569945	0	-6.1974e-07	
199.52	0.25	0.312095	0.28	0.222314	0.65	0.65089	0	-0.000794375	0	0.000578503	0	-6.32968e-07	
199.53	0.25	0.310803	0.28	0.223504	0.65	0.650879	0	-0.000797049	0	0.000584368	0	-6.3196e-07	
199.54	0.25	0.30952	0.28	0.224679	0.65	0.650872	0	-0.000802934	0	0.000592628	0	-6.44481e-07	
199.55	0.25	0.308247	0.28	0.225852	0.65	0.650861	0	-0.000805083	0	0.000598151	0	-6.42728e-07	
199.56	0.25	0.306983	0.28	0.227011	0.65	0.650856	0	-0.000811698	0	0.000607033	0	-6.56405e-07	
199.57	0.25	0.305729	0.28	0.228166	0.65	0.650845	0	-0.00081361	0	0.000612419	0	-6.54253e-07	
199.58	0.25	0.304484	0.28	0.229307	0.65	0.650839	0	-0.000819266	0	0.000620655	0	-6.66797e-07	
199.59	0.25	0.30325	0.28	0.230444	0.65	0.650828	0	-0.000821262	0	0.000626135	0	-6.64766e-07	
199.6	0.25	0.302025	0.28	0.231567	0.65	0.650822	0	-0.000827116	0	0.000634589	0	-6.77684e-07	
199.61	0.25	0.300811	0.28	0.232686	0.65	0.650811	0	-0.00082856	0	0.000639671	0	-6.74671e-07	
199.62	0.25	0.299607	0.28	0.23379	0.65	0.650806	0	-0.000834337	0	0.000648126	0	-6.8779e-07	
199.63	0.25	0.298413	0.28	0.234889	0.65	0.650795	0	-0.000835261	0	0.000652819	0	-6.84277e-07	
199.64	0.25	0.29723	0.28	0.235974	0.65	0.650789	0	-0.000840945	0	0.000661254	0	-6.97003e-07	
199.65	0.25	0.296058	0.28	0.237054	0.65	0.650778	0	-0.000841558	0	0.000665706	0	-6.93148e-07	
199.66	0.25	0.294897	0.28	0.238119	0.65	0.650773	0	-0.000846941	0	0.000673948	0	-7.0573e-07	
199.67	0.25	0.293747	0.28	0.239179	0.65	0.650762	0	-0.000846802	0	0.000677793	0	-7.00751e-07	
199.68	0.25	0.292608	0.28	0.240223	0.65	0.650756	0	-0.000852382	0	0.00068623	0	-7.13537e-07	
199.69	0.25	0.291481	0.28	0.241263	0.65	0.650746	0	-0.00085233	0	0.000690127	0	-7.08693e-07	
199.7	0.25	0.290364	0.28	0.242286	0.65	0.65074	0	-0.000857591	0	0.000698337	0	-7.21158e-07	
199.71	0.25	0.28926	0.28	0.243304	0.65	0.65073	0	-0.000857032	0	0.000701798	0	-7.1566e-07	
199.72	0.25	0.288167	0.28	0.244307	0.65	0.650724	0	-0.00086198	0	0.000709772	0	-7.2776e-07	
199.73	0.25	0.287087	0.28	0.245303	0.65	0.650714	0	-0.000860884	0	0.000712753	0	-7.21433e-07	
199.74	0.25	0.286018	0.28	0.246284	0.65	0.650709	0	-0.000866306	0	0.000721133	0	-7.33972e-07	
199.75	0.25	0.284961	0.28	0.247258	0.65	0.650698	0	-0.000864812	0	0.000723738	0	-7.27218e-07	
199.76	0.25	0.283917	0.28	0.248216	0.65	0.650693	0	-0.000869917	0	0.000731861	0	-7.39551e-07	
199.77	0.25	0.282885	0.28	0.249167	0.65	0.650682	0	-0.000867834	0	0.000733913	0	-7.31896e-07	
199.78	0.25	0.281866	0.28	0.250102	0.65	0.650677	0	-0.000872621	0	0.000741766	0	-7.43812e-07	
199.79	0.25	0.28086	0.28	0.251031	0.65	0.650667	0	-0.000870195	0	0.000743457	0	-7.35675e-07	
199.8	0.25	0.279866	0.28	0.251942	0.65	0.650662	0	-0.000875071	0	0.000751374	0	-7.4791e-07	
199.81	0.25	0.278886	0.28	0.252847	0.65	0.650652	0	-0.000872979	0	0.000753278	0	-7.39937e-07	
199.82	0.25	0.277918	0.28	0.253734	0.65	0.650647	0	-0.000877203	0	0.000760616	0	-7.51223e-07	
199.83	0.25	0.276964	0.28	0.254615	0.65	0.650637	0	-0.00087446	0	0.000761874	0	-7.4243e-07	
199.84	0.25	0.276024	0.28	0.255478	0.65	0.650632	0	-0.000878883	0	0.000769356	0	-7.53964e-07	
199.85	0.25	0.275097	0.28	0.256333	0.65	0.650622	0	-0.000875701	0	0.000770138	0	-7.44641e-07	
199.86	0.25	0.274183	0.28	0.257171	0.65	0.650618	0	-0.00087992	0	0.000777405	0	-7.5562e-07	
199.87	0.25	0.273284	0.28	0.258002	0.65	0.650608	0	-0.000876434	0	0.000777818	0	-7.46257e-07	
199.88	0.25	0.272399	0.28	0.258814	0.65	0.650603	0	-0.000880635	0	0.000785025	0	-7.57206e-07	
199.89	0.25	0.271528	0.28	0.259619	0.65	0.650593	0	-0.000876775	0	0.000784997	0	-7.46792e-07	
199.9	0.25	0.27067	0.28	0.260405	0.65	0.650589	0	-0.000880478	0	0.000791705	0	-7.57446e-07	
199.91	0.25	0.269828	0.28	0.261183	0.65	0.650579	0	-0.000876539	0	0.000791488	0	-7.47038e-07	
199.92	0.25	0.269	0.28	0.261943	0.65	0.650575	0	-0.000879668	0	0.000797614	0	-7.56552e-07	
199.93	0.25	0.268187	0.28	0.262694	0.65	0.650565	0	-0.000875601	0	0.000797156	0	-7.46113e-07	
199.94	0.25	0.267389	0.28	0.263427	0.65	0.650561	0	-0.000878966	0	0.000803425	0	-7.55823e-07	
199.95	0.25	0.266606	0.28	0.264151	0.65	0.650552	0	-0.000874773	0	0.000802723	0	-7.45433e-07	
199.96	0.25	0.265837	0.28	0.264856	0.65	0.650548	0	-0.000878103	0	0.000808883	0	-7.54931e-07	
199.97	0.25	0.265085	0.28	0.265552	0.65	0.650539	0	-0.00087288	0	0.000807097	0	-7.42804e-07	
199.98	0.25	0.264347	0.28	0.266229	0.65	0.650535	0	-0.000875704	0	0.000812701	0	-7.51783e-07	
199.99	0.25	0.263626	0.28	0.266896	0.65	0.650526	0	-0.000871044	0	0.000811292	0	-7.40471e-07	
200	0.25	0.262919	0.28	0.267545	0.65	0.650522	0	-0.000873901	0	0.000816833	0	-7.49653e-07	
200.01	0.25	0.262229	0.28	0.268183	0.65	0.650513	0	-0.000868076	0	0.000814185	0	-7.36565e-07	
200.02	0.25	0.261555	0.28	0.268803	0.65	0.65051	0	-0.000871015	0	0.000819702	0	-7.45815e-07	
200.03	0.25	0.260897	0.28	0.269412	0.65	0.650501	0	-0.000864916	0	0.000816637	0	-7.32271e-07	
200.04	0.25	0.260255	0.28	0.270001	0.65	0.650497	0	-0.000867335	0	0.000821555	0	-7.40597e-07	
200.05	0.25	0.259629	0.28	0.27058	0.65	0.650489	0	-0.000861413	0	0.000818494	0	-7.27719e-07	
200.06	0.25	0.25902	0.28	0.27114	0.65	0.650485	0	-0.000863843	0	0.000823308	0	-7.35628e-07	
200.07	0.25	0.258428	0.28	0.271688	0.65	0.650477	0	-0.000857828	0	0.000819992	0	-7.2272e-07	
200.08	0.25	0.257853	0.28	0.272217	0.65	0.650474	0	-0.000859343	0	0.000823809	0	-7.29463e-07	
200.09	0.25	0.257295	0.28	0.272734	0.65	0.650465	0	-0.000853295	0	0.000820291	0	-7.16363e-07	
200.1	0.25	0.256753	0.28	0.273232	0.65	0.650463	0	-0.000854699	0	0.000823871	0	-7.22905e-07	
200.11	0.25	0.25623	0.28	0.273718	0.65	0.650454	0	-0.00084823	0	0.000819775	0	-7.09193e-07	
200.12	0.25	0.255723	0.28	0.274183	0.65	0.650451	0	-0.000849575	0	0.000823161	0	-7.15724e-07	
200.13	0.25	0.255234	0.28	0.274637	0.65	0.650444	0	-0.00084294	0	0.000818727	0	-7.01859e-07	
200.14	0.25	0.254762	0.28	0.27507	0.65	0.650441	0	-0.000844438	0	0.000822123	0	-7.08176e-07	
200.15	0.25	0.254309	0.28	0.275492	0.65	0.650433	0	-0.000836636	0	0.000816373	0	-6.93055e-07	
200.16	0.25	0.253873	0.28	0.275892	0.65	0.650431	0	-0.000837978	0	0.000819472	0	-6.99243e-07	
200.17	0.25	0.253456	0.28	0.27628	0.65	0.650423	0	-0.000830736	0	0.000814085	0	-6.84984e-07	
200.18	0.25	0.253057	0.28	0.276648	0.65	0.650421	0	-0.000831523	0	0.000816492	0	-6.89987e-07	
200.19	0.25	0.252676	0.28	0.277002	0.65	0.650414	0	-0.000824225	0	0.000810868	0	-6.75662e-07	
200.2	0.25	0.252314	0.28	0.277336	0.65	0.650411	0	-0.000824583	0	0.000812701	0	-6.80187e-07	
200.21	0.25	0.25197	0.28	0.277656	0.65	0.650404	0	-0.000817172	0	0.000806782	0	-6.65878e-07	
200.22	0.25	0.251645	0.28	0.277955	0.65	0.650402	0	-0.000817127	0	0.00080806	0	-6.69687e-07	
200.23	0.25	0.25134	0.28	0.278241	0.65	0.650395	0	-0.000809352	0	0.000801598	0	-6.54849e-07	
200.24	0.25	0.251053	0.28	0.278505	0.65	0.650394	0	-0.00080965	0	0.000803057	0	-6.59099e-07	
200.25	0.25	0.250786	0.28	0.278755	0.65	0.650387	0	-0.000801419	0	0.000795961	0	-6.43926e-07	
200.26	0.25	0.250537	0.28	0.278984	0.65	0.650385	0	-0.000801145	0	0.000796689	0	-6.47102e-07	
200.27	0.25	0.250309	0.28	0.279199	0.65	0.650379	0	-0.00079328	0	0.000789776	0	-6.32332e-07	
200.28	0.25	0.2501	0.28	0.279392	0.65	0.650377	0	-0.000792547	0	0.000789887	0	-6.35038e-07	
200.29	0.25	0.249911	0.28	0.27957	0.65	0.650371	0	-0.000784184	0	0.000782298	0	-6.1978e-07	
200.3	0.25	0.249742	0.28	0.279727	0.65	0.65037	0	-0.000783384	0	0.000782177	0	-6.2228e-07	
200.31	0.25	0.249593	0.28	0.279868	0.65	0.650364	0	-0.000774693	0	0.000774086	0	-6.06831e-07	
200.32	0.25	0.249464	0.28	0.279988	0.65	0.650363	0	-0.000774098	0	0.000774008	0	-6.09396e-07	
200.33	0.25	0.249356	0.28	0.280092	0.65	0.650357	0	-0.000765156	0	0.000765493	0	-5.93623e-07	
200.34	0.25	0.249267	0.28	0.280174	0.65	0.650356	0	-0.00076378	0	0.000764472	0	-5.95177e-07	
200.35	0.25	0.2492	0.28	0.280241	0.65	0.650351	0	-0.00075527	0	0.00075622	0	-5.80153e-07	
200.36	0.25	0.249154	0.28	0.280285	0.65	0.65035	0	-0.000753679	0	0.000754824	0	-5.8123e-07	
200.37	0.25	0.249128	0.28	0.280313	0.65	0.650345	0	-0.000744575	0	0.000745815	0	-5.65676e-07	
200.38	0.25	0.249124	0.28	0.280319	0.65	0.650344	0	-0.000742596	0	0.000743871	0	-5.6619e-07	
200.39	0.25	0.249131	0.28	0.280318	0.65	0.650338	0	-0.00073176	0	0.000733011	0	-5.48522e-07	
200.4	0.25	0.24914	0.28	0.280312	0.65	0.650335	0	-0.000725322	0	0.000726566	0	-5.43497e-07	
200.41	0.25	0.249151	0.28	0.280309	0.65	0.650326	0	-0.000709838	0	0.000711054	0	-5.21179e-07	
200.42	0.25	0.249161	0.28	0.280303	0.65	0.650322	0	-0.000700703	0	0.000701909	0	-5.13417e-07	
200.43	0.25	0.249173	0.28	0.2803	0.65	0.650312	0	-0.000683626	0	0.000684802	0	-4.89992e-07	
200.44	0.25	0.249183	0.28	0.280294	0.65	0.650307	0	-0.000674419	0	0.000675586	0	-4.82351e-07	
200.45	0.25	0.249194	0.28	0.280291	0.65	0.650299	0	-0.000658696	0	0.000659836	0	-4.61023e-07	
200.46	0.25	0.249204	0.28	0.280285	0.65	0.650295	0	-0.00065204	0	0.000653173	0	-4.56213e-07	
200.47	0.25	0.249213	0.28	0.280283	0.65	0.650288	0	-0.000638992	0	0.0006401	0	-4.38266e-07	
200.48	0.25	0.24922	0.28	0.280278	0.65	0.650287	0	-0.00063514	0	0.000636244	0	-4.36217e-07	
200.49	0.25	0.249227	0.28	0.280277	0.65	0.650282	0	-0.000625949	0	0.000627033	0	-4.22567e-07	
200.5	0.25	0.249232	0.28	0.280273	0.65	0.650282	0	-0.000626055	0	0.000627139	0	-4.24644e-07	
200.51	0.25	0.249237	0.28	0.280273	0.65	0.650279	0	-0.000620063	0	0.000621128	0	-4.1431e-07	
200.52	0.25	0.24924	0.28	0.28027	0.65	0.650281	0	-0.000623118	0	0.000624186	0	-4.19085e-07	
200.53	0.25	0.249242	0.28	0.28027	0.65	0.65028	0	-0.000619707	0	0.000620761	0	-4.11596e-07	
200.54	0.25	0.249244	0.28	0.280268	0.65	0.650283	0	-0.000624445	0	0.000625502	0	-4.18031e-07	
200.55	0.25	0.249245	0.28	0.28027	0.65	0.650283	0	-0.000623028	0	0.000624071	0	-4.12424e-07	
200.56	0.25	0.249245	0.28	0.280268	0.65	0.650286	0	-0.000628246	0	0.000629292	0	-4.19321e-07	
200.57	0.25	0.249246	0.28	0.280269	0.65	0.650285	0	-0.000626554	0	0.000627585	0	-4.13527e-07	
200.58	0.25	0.249246	0.28	0.280268	0.65	0.650289	0	-0.000631953	0	0.000632987	0	-4.20796e-07	
200.59	0.25	0.249247	0.28	0.28027	0.65	0.650288	0	-0.00062936	0	0.000630377	0	-4.14048e-07	
200.6	0.25	0.249248	0.28	0.280268	0.65	0.65029	0	-0.000632892	0	0.000633909	0	-4.19318e-07	
200.61	0.25	0.24925	0.28	0.280269	0.65	0.650288	0	-0.000628705	0	0.000629704	0	-4.11086e-07	
200.62	0.25	0.249251	0.28	0.280267	0.65	0.65029	0	-0.00063034	0	0.000631338	0	-4.14467e-07	
200.63	0.25	0.249254	0.28	0.280269	0.65	0.650286	0	-0.000624217	0	0.000625194	0	-4.04597e-07	
200.64	0.25	0.249257	0.28	0.280266	0.65	0.650287	0	-0.000624254	0	0.000625227	0	-4.0637e-07	
200.65	0.25	0.24926	0.28	0.280267	0.65	0.650282	0	-0.000616197	0	0.00061715	0	-3.94767e-07	
200.66	0.25	0.249264	0.28	0.280264	0.65	0.650282	0	-0.000614866	0	0.000615815	0	-3.95213e-07	
200.67	0.25	0.249269	0.28	0.280264	0.65	0.650277	0	-0.000606002	0	0.000606929	0	-3.8303e-07	
200.68	0.25	0.249273	0.28	0.280261	0.65	0.650276	0	-0.000603701	0	0.000604623	0	-3.82383e-07	
200.69	0.25	0.249278	0.28	0.280261	0.65	0.650271	0	-0.000593849	0	0.00059475	0	-3.69485e-07	
200.7	0.25	0.249283	0.28	0.280258	0.65	0.65027	0	-0.000590826	0	0.000591721	0	-3.68361e-07	
200.71	0.25	0.249289	0.28	0.280257	0.65	0.650264	0	-0.000581614	0	0.00058249	0	-3.56276e-07	
200.72	0.25	0.249294	0.28	0.280254	0.65	0.650264	0	-0.000579367	0	0.000580239	0	-3.55837e-07	
200.73	0.25	0.249299	0.28	0.280254	0.65	0.650259	0	-0.000570406	0	0.00057126	0	-3.44234e-07	
200.74	0.25	0.249304	0.28	0.28025	0.65	0.650258	0	-0.000569354	0	0.000570205	0	-3.44834e-07	
200.75	0.25	0.249308	0.28	0.28025	0.65	0.650254	0	-0.000561735	0	0.00056257	0	-3.34518e-07	
200.76	0.25	0.249313	0.28	0.280246	0.65	0.650255	0	-0.000561456	0	0.00056229	0	-3.35828e-07	
200.77	0.25	0.249317	0.28	0.280246	0.65	0.650252	0	-0.00055533	0	0.00055615	0	-3.27115e-07	
200.78	0.25	0.249321	0.28	0.280243	0.65	0.650252	0	-0.000555955	0	0.000556774	0	-3.29029e-07	
200.79	0.25	0.249324	0.28	0.280243	0.65	0.65025	0	-0.000550635	0	0.000551441	0	-3.21133e-07	
200.8	0.25	0.249328	0.28	0.28024	0.65	0.650251	0	-0.000552259	0	0.000553066	0	-3.23903e-07	
200.81	0.25	0.249331	0.28	0.28024	0.65	0.650249	0	-0.000547417	0	0.00054821	0	-3.16577e-07	
200.82	0.25	0.249334	0.28	0.280238	0.65	0.65025	0	-0.00054967	0	0.000550465	0	-3.19894e-07	
200.83	0.25	0.249337	0.28	0.280238	0.65	0.650248	0	-0.000545824	0	0.000546607	0	-3.13386e-07	
200.84	0.25	0.249339	0.28	0.280235	0.65	0.65025	0	-0.000547663	0	0.000548447	0	-3.16386e-07	
200.85	0.25	0.249342	0.28	0.280236	0.65	0.650248	0	-0.000543892	0	0.000544664	0	-3.1005e-07	
200.86	0.25	0.249345	0.28	0.280233	0.65	0.650249	0	-0.000545564	0	0.000546336	0	-3.12772e-07	
200.87	0.25	0.249348	0.28	0.280234	0.65	0.650247	0	-0.000540673	0	0.000541432	0	-3.0547e-07	
200.88	0.25	0.24935	0.28	0.280231	0.65	0.650248	0	-0.000541755	0	0.000542513	0	-3.07862e-07	
200.89	0.25	0.249353	0.28	0.280232	0.65	0.650245	0	-0.00053688	0	0.000537625	0	-3.00777e-07	
200.9	0.25	0.249356	0.28	0.280229	0.65	0.650246	0	-0.000536983	0	0.000537727	0	-3.02113e-07	
200.91	0.25	0.24936	0.28	0.28023	0.65	0.650243	0	-0.000531364	0	0.000532094	0	-2.94423e-07	
200.92	0.25	0.249362	0.28	0.280227	0.65	0.650243	0	-0.000531354	0	0.000532082	0	-2.95719e-07	
200.93	0.25	0.249366	0.28	0.280227	0.65	0.65024	0	-0.000525414	0	0.000526128	0	-2.8791e-07	
200.94	0.25	0.249369	0.28	0.280225	0.65	0.65024	0	-0.000524911	0	0.000525623	0	-2.88869e-07	
200.95	0.25	0.249372	0.28	0.280225	0.65	0.650236	0	-0.000518104	0	0.000518801	0	-2.80491e-07	
200.96	0.25	0.249376	0.28	0.280223	0.65	0.650237	0	-0.000517621	0	0.000518315	0	-2.81401e-07	
200.97	0.25	0.249379	0.28	0.280223	0.65	0.650233	0	-0.000510845	0	0.000511525	0	-2.73082e-07	
200.98	0.25	0.249383	0.28	0.280221	0.65	0.650233	0	-0.000509867	0	0.000510544	0	-2.73568e-07	
200.99	0.25	0.249386	0.28	0.280221	0.65	0.650229	0	-0.000503629	0	0.000504293	0	-2.66021e-07	
201	0.25	0.249389	0.28	0.280218	0.65	0.650229	0	-0.000502729	0	0.00050339	0	-2.66408e-07	
201.01	0.25	0.249393	0.28	0.280219	0.65	0.650226	0	-0.000497173	0	0.000497821	0	-2.59465e-07	
201.02	0.25	0.249396	0.28	0.280216	0.65	0.650226	0	-0.000496565	0	0.000497211	0	-2.60205e-07	
201.03	0.25	0.249399	0.28	0.280216	0.65	0.650223	0	-0.000490983	0	0.000491618	0	-2.53282e-07	
