8.55	0.25	0.566688	0.28	-0.0121198	0.65	0.651827	0	8.90449e-05	0	2.52009e-08	0	-2.07012e-08	
8.55	0.25	0.566688	0.28	-0.0121198	0.65	0.651827	0	8.90449e-05	0	2.52009e-08	0	-2.07012e-08	
8.56	0.25	0.566687	0.28	-0.0121191	0.65	0.651828	0	8.85694e-05	0	2.49396e-08	0	-2.0485e-08	
8.56	0.25	0.566687	0.28	-0.0121191	0.65	0.651828	0	8.85694e-05	0	2.49396e-08	0	-2.0485e-08	
8.57	0.25	0.566848	0.28	-0.0122219	0.65	0.651625	0	0.000176762	0	1.02246e-07	0	-7.05632e-08	
8.57	0.25	0.566848	0.28	-0.0122219	0.65	0.651625	0	0.000176762	0	1.02246e-07	0	-7.05632e-08	
8.58	0.25	0.56674	0.28	-0.0122179	0.65	0.651539	0	0.000186489	0	8.62702e-08	0	-7.13103e-08	
8.58	0.25	0.56674	0.28	-0.0122179	0.65	0.651539	0	0.000186489	0	8.62702e-08	0	-7.13103e-08	
8.59	0.25	0.566543	0.28	-0.0121254	0.65	0.651459	0	0.00013383	0	-8.50448e-10	0	-4.08754e-08	
8.59	0.25	0.566543	0.28	-0.0121254	0.65	0.651459	0	0.00013383	0	-8.50448e-10	0	-4.08754e-08	
8.6	0.25	0.566344	0.28	-0.0119901	0.65	0.651336	0	0.000122004	0	-4.90304e-08	0	-4.45013e-08	
8.6	0.25	0.566344	0.28	-0.0119901	0.65	0.651336	0	0.000122004	0	-4.90304e-08	0	-4.45013e-08	
8.61	0.25	0.566113	0.28	-0.0118246	0.65	0.651206	0	0.000150345	0	-1.15901e-07	0	-6.9921e-08	
8.61	0.25	0.566113	0.28	-0.0118246	0.65	0.651206	0	0.000150345	0	-1.15901e-07	0	-6.9921e-08	
8.62	0.25	0.56583	0.28	-0.0116213	0.65	0.651087	0	0.000156054	0	-2.13665e-07	0	-7.48333e-08	
8.62	0.25	0.56583	0.28	-0.0116213	0.65	0.651087	0	0.000156054	0	-2.13665e-07	0	-7.48333e-08	
8.63	0.25	0.565499	0.28	-0.0113754	0.65	0.650974	0	0.000137336	0	-2.97218e-07	0	-6.38017e-08	
8.63	0.25	0.565499	0.28	-0.0113754	0.65	0.650974	0	0.000137336	0	-2.97218e-07	0	-6.38017e-08	
8.64	0.25	0.565125	0.28	-0.0110877	0.65	0.650867	0	0.000133344	0	-3.99896e-07	0	-6.59422e-08	
8.64	0.25	0.565125	0.28	-0.0110877	0.65	0.650867	0	0.000133344	0	-3.99896e-07	0	-6.59422e-08	
8.65	0.25	0.564707	0.28	-0.0107604	0.65	0.650768	0	0.000145937	0	-5.67979e-07	0	-7.75955e-08	
8.65	0.25	0.564707	0.28	-0.0107604	0.65	0.650768	0	0.000145937	0	-5.67979e-07	0	-7.75955e-08	
8.66	0.25	0.564242	0.28	-0.0103921	0.65	0.650679	0	0.000149726	0	-7.38779e-07	0	-7.9644e-08	
8.66	0.25	0.564242	0.28	-0.0103921	0.65	0.650679	0	0.000149726	0	-7.38779e-07	0	-7.9644e-08	
8.67	0.25	0.563732	0.28	-0.00998234	0.65	0.650596	0	0.000143591	0	-8.7763e-07	0	-7.48421e-08	
8.67	0.25	0.563732	0.28	-0.00998234	0.65	0.650596	0	0.000143591	0	-8.7763e-07	0	-7.48421e-08	
8.68	0.25	0.563177	0.28	-0.00953067	0.65	0.650518	0	0.000141972	0	-1.04605e-06	0	-7.49121e-08	
8.68	0.25	0.563177	0.28	-0.00953067	0.65	0.650518	0	0.000141972	0	-1.04605e-06	0	-7.49121e-08	
8.69	0.25	0.562579	0.28	-0.00903903	0.65	0.650445	0	0.000146516	0	-1.27607e-06	0	-7.8421e-08	
8.69	0.25	0.562579	0.28	-0.00903903	0.65	0.650445	0	0.000146516	0	-1.27607e-06	0	-7.8421e-08	
8.7	0.25	0.561939	0.28	-0.00850775	0.65	0.650378	0	0.000147478	0	-1.49966e-06	0	-7.77363e-08	
8.7	0.25	0.561939	0.28	-0.00850775	0.65	0.650378	0	0.000147478	0	-1.49966e-06	0	-7.77363e-08	
8.71	0.25	0.561257	0.28	-0.00793759	0.65	0.650316	0	0.000144621	0	-1.6979e-06	0	-7.4196e-08	
8.71	0.25	0.561257	0.28	-0.00793759	0.65	0.650316	0	0.000144621	0	-1.6979e-06	0	-7.4196e-08	
8.72	0.25	0.560535	0.28	-0.00732867	0.65	0.650257	0	0.000143334	0	-1.92099e-06	0	-7.2254e-08	
8.72	0.25	0.560535	0.28	-0.00732867	0.65	0.650257	0	0.000143334	0	-1.92099e-06	0	-7.2254e-08	
8.73	0.25	0.559772	0.28	-0.00668139	0.65	0.650202	0	0.000145011	0	-2.19782e-06	0	-7.17285e-08	
8.73	0.25	0.559772	0.28	-0.00668139	0.65	0.650202	0	0.000145011	0	-2.19782e-06	0	-7.17285e-08	
8.74	0.25	0.55897	0.28	-0.00599619	0.65	0.65015	0	0.000145452	0	-2.47463e-06	0	-6.97435e-08	
8.74	0.25	0.55897	0.28	-0.00599619	0.65	0.65015	0	0.000145452	0	-2.47463e-06	0	-6.97435e-08	
8.75	0.25	0.558129	0.28	-0.00527338	0.65	0.650098	0	0.000144201	0	-2.73561e-06	0	-6.68603e-08	
8.75	0.25	0.558129	0.28	-0.00527338	0.65	0.650098	0	0.000144201	0	-2.73561e-06	0	-6.68603e-08	
8.76	0.25	0.557249	0.28	-0.00451293	0.65	0.650046	0	0.000143096	0	-3.00786e-06	0	-6.47011e-08	
8.76	0.25	0.557249	0.28	-0.00451293	0.65	0.650046	0	0.000143096	0	-3.00786e-06	0	-6.47011e-08	
8.77	0.25	0.556332	0.28	-0.00371602	0.65	0.649994	0	0.000144027	0	-3.33572e-06	0	-6.36503e-08	
8.77	0.25	0.556332	0.28	-0.00371602	0.65	0.649994	0	0.000144027	0	-3.33572e-06	0	-6.36503e-08	
8.78	0.25	0.555378	0.28	-0.00288355	0.65	0.649941	0	0.000143834	0	-3.65287e-06	0	-6.19156e-08	
8.78	0.25	0.555378	0.28	-0.00288355	0.65	0.649941	0	0.000143834	0	-3.65287e-06	0	-6.19156e-08	
8.79	0.25	0.554387	0.28	-0.00201609	0.65	0.649887	0	0.000142983	0	-3.96448e-06	0	-5.99838e-08	
8.79	0.25	0.554387	0.28	-0.00201609	0.65	0.649887	0	0.000142983	0	-3.96448e-06	0	-5.99838e-08	
8.8	0.25	0.55336	0.28	-0.00111443	0.65	0.649834	0	0.000142576	0	-4.29828e-06	0	-5.84815e-08	
8.8	0.25	0.55336	0.28	-0.00111443	0.65	0.649834	0	0.000142576	0	-4.29828e-06	0	-5.84815e-08	
8.81	0.25	0.552297	0.28	-0.000179396	0.65	0.64978	0	0.000142741	0	-4.66153e-06	0	-5.7253e-08	
8.81	0.25	0.552297	0.28	-0.000179396	0.65	0.64978	0	0.000142741	0	-4.66153e-06	0	-5.7253e-08	
8.82	0.25	0.5512	0.28	0.000788513	0.65	0.649726	0	0.000142732	0	-5.0324e-06	0	-5.58997e-08	
8.82	0.25	0.5512	0.28	0.000788513	0.65	0.649726	0	0.000142732	0	-5.0324e-06	0	-5.58997e-08	
8.83	0.25	0.550068	0.28	0.00178849	0.65	0.649673	0	0.000142466	0	-5.40625e-06	0	-5.45242e-08	
8.83	0.25	0.550068	0.28	0.00178849	0.65	0.649673	0	0.000142466	0	-5.40625e-06	0	-5.45242e-08	
8.84	0.25	0.548902	0.28	0.00282028	0.65	0.649619	0	0.000141397	0	-5.75828e-06	0	-5.29943e-08	
8.84	0.25	0.548902	0.28	0.00282028	0.65	0.649619	0	0.000141397	0	-5.75828e-06	0	-5.29943e-08	
8.85	0.25	0.547702	0.28	0.00388312	0.65	0.649564	0	0.000141697	0	-6.17615e-06	0	-5.20541e-08	
8.85	0.25	0.547702	0.28	0.00388312	0.65	0.649564	0	0.000141697	0	-6.17615e-06	0	-5.20541e-08	
8.86	0.25	0.54647	0.28	0.00497654	0.65	0.649509	0	0.000142207	0	-6.61774e-06	0	-5.1294e-08	
8.86	0.25	0.54647	0.28	0.00497654	0.65	0.649509	0	0.000142207	0	-6.61774e-06	0	-5.1294e-08	
8.87	0.25	0.545205	0.28	0.00609994	0.65	0.649453	0	0.000142222	0	-7.04989e-06	0	-5.04688e-08	
8.87	0.25	0.545205	0.28	0.00609994	0.65	0.649453	0	0.000142222	0	-7.04989e-06	0	-5.04688e-08	
8.88	0.25	0.543909	0.28	0.00725331	0.65	0.649397	0	0.000141568	0	-7.45867e-06	0	-4.95658e-08	
8.88	0.25	0.543909	0.28	0.00725331	0.65	0.649397	0	0.000141568	0	-7.45867e-06	0	-4.95658e-08	
8.89	0.25	0.54258	0.28	0.00843562	0.65	0.649339	0	0.000142216	0	-7.94776e-06	0	-4.92631e-08	
8.89	0.25	0.54258	0.28	0.00843562	0.65	0.649339	0	0.000142216	0	-7.94776e-06	0	-4.92631e-08	
8.9	0.25	0.541221	0.28	0.00964674	0.65	0.649282	0	0.000142857	0	-8.45227e-06	0	-4.89956e-08	
8.9	0.25	0.541221	0.28	0.00964674	0.65	0.649282	0	0.000142857	0	-8.45227e-06	0	-4.89956e-08	
8.91	0.25	0.539831	0.28	0.0108861	0.65	0.649224	0	0.000143416	0	-8.96737e-06	0	-4.87515e-08	
8.91	0.25	0.539831	0.28	0.0108861	0.65	0.649224	0	0.000143416	0	-8.96737e-06	0	-4.87515e-08	
8.92	0.25	0.53841	0.28	0.0121537	0.65	0.649166	0	0.000143248	0	-9.44967e-06	0	-4.8319e-08	
8.92	0.25	0.53841	0.28	0.0121537	0.65	0.649166	0	0.000143248	0	-9.44967e-06	0	-4.8319e-08	
8.93	0.25	0.53696	0.28	0.0134485	0.65	0.649108	0	0.000144312	0	-1.00275e-05	0	-4.83336e-08	
8.93	0.25	0.53696	0.28	0.0134485	0.65	0.649108	0	0.000144312	0	-1.00275e-05	0	-4.83336e-08	
8.94	0.25	0.53548	0.28	0.0147709	0.65	0.649051	0	0.000145256	0	-1.06154e-05	0	-4.82499e-08	
8.94	0.25	0.53548	0.28	0.0147709	0.65	0.649051	0	0.000145256	0	-1.06154e-05	0	-4.82499e-08	
8.95	0.25	0.533972	0.28	0.0161197	0.65	0.648995	0	0.000146056	0	-1.12102e-05	0	-4.80778e-08	
8.95	0.25	0.533972	0.28	0.0161197	0.65	0.648995	0	0.000146056	0	-1.12102e-05	0	-4.80778e-08	
8.96	0.25	0.532434	0.28	0.0174954	0.65	0.64894	0	0.0001462	0	-1.17691e-05	0	-4.7707e-08	
8.96	0.25	0.532434	0.28	0.0174954	0.65	0.64894	0	0.0001462	0	-1.17691e-05	0	-4.7707e-08	
8.97	0.25	0.530869	0.28	0.0188972	0.65	0.648885	0	0.000147	0	-1.23951e-05	0	-4.74409e-08	
8.97	0.25	0.530869	0.28	0.0188972	0.65	0.648885	0	0.000147	0	-1.23951e-05	0	-4.74409e-08	
8.98	0.25	0.529275	0.28	0.0203251	0.65	0.648832	0	0.000147482	0	-1.301e-05	0	-4.70668e-08	
8.98	0.25	0.529275	0.28	0.0203251	0.65	0.648832	0	0.000147482	0	-1.301e-05	0	-4.70668e-08	
8.99	0.25	0.527654	0.28	0.0217783	0.65	0.648778	0	0.000148136	0	-1.36552e-05	0	-4.68111e-08	
8.99	0.25	0.527654	0.28	0.0217783	0.65	0.648778	0	0.000148136	0	-1.36552e-05	0	-4.68111e-08	
9	0.25	0.526007	0.28	0.0232572	0.65	0.648725	0	0.000148235	0	-1.42628e-05	0	-4.65273e-08	
9	0.25	0.526007	0.28	0.0232572	0.65	0.648725	0	0.000148235	0	-1.42628e-05	0	-4.65273e-08	
9.01	0.25	0.524333	0.28	0.024761	0.65	0.648672	0	0.000148212	0	-1.48693e-05	0	-4.61436e-08	
9.01	0.25	0.524333	0.28	0.024761	0.65	0.648672	0	0.000148212	0	-1.48693e-05	0	-4.61436e-08	
9.02	0.25	0.522632	0.28	0.0262888	0.65	0.64863	0	0.000145409	0	-1.51953e-05	0	-4.33854e-08	
9.02	0.25	0.522632	0.28	0.0262888	0.65	0.64863	0	0.000145409	0	-1.51953e-05	0	-4.33854e-08	
9.03	0.25	0.520905	0.28	0.0278375	0.65	0.6486	0	0.000141392	0	-1.53761e-05	0	-3.82827e-08	
9.03	0.25	0.520905	0.28	0.0278375	0.65	0.6486	0	0.000141392	0	-1.53761e-05	0	-3.82827e-08	
9.04	0.25	0.519154	0.28	0.0294119	0.65	0.648562	0	0.000139161	0	-1.57337e-05	0	-3.59589e-08	
9.04	0.25	0.519154	0.28	0.0294119	0.65	0.648562	0	0.000139161	0	-1.57337e-05	0	-3.59589e-08	
9.05	0.25	0.517377	0.28	0.031014	0.65	0.648508	0	0.000143009	0	-1.67943e-05	0	-3.88392e-08	
9.05	0.25	0.517377	0.28	0.031014	0.65	0.648508	0	0.000143009	0	-1.67943e-05	0	-3.88392e-08	
9.06	0.25	0.515576	0.28	0.0326404	0.65	0.648451	0	0.000146121	0	-1.78084e-05	0	-4.10248e-08	
9.06	0.25	0.515576	0.28	0.0326404	0.65	0.648451	0	0.000146121	0	-1.78084e-05	0	-4.10248e-08	
9.07	0.25	0.513753	0.28	0.034287	0.65	0.648404	0	0.000144426	0	-1.8253e-05	0	-3.87855e-08	
9.07	0.25	0.513753	0.28	0.034287	0.65	0.648404	0	0.000144426	0	-1.8253e-05	0	-3.87855e-08	
9.08	0.25	0.511906	0.28	0.0359542	0.65	0.648365	0	0.000138849	0	-1.81832e-05	0	-3.46758e-08	
9.08	0.25	0.511906	0.28	0.0359542	0.65	0.648365	0	0.000138849	0	-1.81832e-05	0	-3.46758e-08	
9.09	0.25	0.510036	0.28	0.0376413	0.65	0.648334	0	0.000134519	0	-1.82397e-05	0	-3.15443e-08	
9.09	0.25	0.510036	0.28	0.0376413	0.65	0.648334	0	0.000134519	0	-1.82397e-05	0	-3.15443e-08	
9.1	0.25	0.508143	0.28	0.0393497	0.65	0.648307	0	0.000129886	0	-1.82217e-05	0	-2.82714e-08	
9.1	0.25	0.508143	0.28	0.0393497	0.65	0.648307	0	0.000129886	0	-1.82217e-05	0	-2.82714e-08	
9.11	0.25	0.506229	0.28	0.0410787	0.65	0.64828	0	0.000124176	0	-1.80117e-05	0	-2.43855e-08	
9.11	0.25	0.506229	0.28	0.0410787	0.65	0.64828	0	0.000124176	0	-1.80117e-05	0	-2.43855e-08	
9.12	0.25	0.504294	0.28	0.0428287	0.65	0.648253	0	0.000116834	0	-1.751e-05	0	-2.08123e-08	
9.12	0.25	0.504294	0.28	0.0428287	0.65	0.648253	0	0.000116834	0	-1.751e-05	0	-2.08123e-08	
9.13	0.25	0.502338	0.28	0.0445987	0.65	0.648222	0	0.000112841	0	-1.74622e-05	0	-1.87235e-08	
9.13	0.25	0.502338	0.28	0.0445987	0.65	0.648222	0	0.000112841	0	-1.74622e-05	0	-1.87235e-08	
9.14	0.25	0.500364	0.28	0.0463886	0.65	0.648188	0	0.000109748	0	-1.75256e-05	0	-1.71744e-08	
9.14	0.25	0.500364	0.28	0.0463886	0.65	0.648188	0	0.000109748	0	-1.75256e-05	0	-1.71744e-08	
9.15	0.25	0.49837	0.28	0.0481969	0.65	0.648152	0	0.000107057	0	-1.76311e-05	0	-1.57509e-08	
9.15	0.25	0.49837	0.28	0.0481969	0.65	0.648152	0	0.000107057	0	-1.76311e-05	0	-1.57509e-08	
9.16	0.25	0.496358	0.28	0.0500236	0.65	0.648114	0	0.000103511	0	-1.75705e-05	0	-1.44881e-08	
9.16	0.25	0.496358	0.28	0.0500236	0.65	0.648114	0	0.000103511	0	-1.75705e-05	0	-1.44881e-08	
9.17	0.25	0.494327	0.28	0.0518677	0.65	0.648075	0	0.000102181	0	-1.78672e-05	0	-1.37574e-08	
9.17	0.25	0.494327	0.28	0.0518677	0.65	0.648075	0	0.000102181	0	-1.78672e-05	0	-1.37574e-08	
9.18	0.25	0.49228	0.28	0.0537292	0.65	0.648036	0	0.00010056	0	-1.81039e-05	0	-1.30223e-08	
9.18	0.25	0.49228	0.28	0.0537292	0.65	0.648036	0	0.00010056	0	-1.81039e-05	0	-1.30223e-08	
9.19	0.25	0.490215	0.28	0.0556068	0.65	0.647997	0	9.89714e-05	0	-1.83352e-05	0	-1.21846e-08	
9.19	0.25	0.490215	0.28	0.0556068	0.65	0.647997	0	9.89714e-05	0	-1.83352e-05	0	-1.21846e-08	
9.2	0.25	0.488133	0.28	0.0575011	0.65	0.647958	0	9.57233e-05	0	-1.82391e-05	0	-1.12591e-08	
9.2	0.25	0.488133	0.28	0.0575011	0.65	0.647958	0	9.57233e-05	0	-1.82391e-05	0	-1.12591e-08	
9.21	0.25	0.486034	0.28	0.0594106	0.65	0.647921	0	9.39507e-05	0	-1.84029e-05	0	-1.05039e-08	
9.21	0.25	0.486034	0.28	0.0594106	0.65	0.647921	0	9.39507e-05	0	-1.84029e-05	0	-1.05039e-08	
9.22	0.25	0.483919	0.28	0.0613358	0.65	0.647884	0	9.11473e-05	0	-1.83452e-05	0	-9.62614e-09	
9.22	0.25	0.483919	0.28	0.0613358	0.65	0.647884	0	9.11473e-05	0	-1.83452e-05	0	-9.62614e-09	
9.23	0.25	0.481789	0.28	0.0632756	0.65	0.647849	0	8.88271e-05	0	-1.83619e-05	0	-8.78407e-09	
9.23	0.25	0.481789	0.28	0.0632756	0.65	0.647849	0	8.88271e-05	0	-1.83619e-05	0	-8.78407e-09	
9.24	0.25	0.479643	0.28	0.0652306	0.65	0.647814	0	8.56613e-05	0	-1.81785e-05	0	-7.91604e-09	
9.24	0.25	0.479643	0.28	0.0652306	0.65	0.647814	0	8.56613e-05	0	-1.81785e-05	0	-7.91604e-09	
9.25	0.25	0.477482	0.28	0.0671987	0.65	0.64778	0	8.28635e-05	0	-1.80447e-05	0	-7.06825e-09	
9.25	0.25	0.477482	0.28	0.0671987	0.65	0.64778	0	8.28635e-05	0	-1.80447e-05	0	-7.06825e-09	
9.26	0.25	0.475306	0.28	0.0691812	0.65	0.647748	0	7.84022e-05	0	-1.75125e-05	0	-6.10275e-09	
9.26	0.25	0.475306	0.28	0.0691812	0.65	0.647748	0	7.84022e-05	0	-1.75125e-05	0	-6.10275e-09	
9.27	0.25	0.473117	0.28	0.0711766	0.65	0.647717	0	7.47516e-05	0	-1.71197e-05	0	-5.19826e-09	
9.27	0.25	0.473117	0.28	0.0711766	0.65	0.647717	0	7.47516e-05	0	-1.71197e-05	0	-5.19826e-09	
9.28	0.25	0.470914	0.28	0.0731851	0.65	0.647687	0	7.0166e-05	0	-1.64697e-05	0	-4.29136e-09	
9.28	0.25	0.470914	0.28	0.0731851	0.65	0.647687	0	7.0166e-05	0	-1.64697e-05	0	-4.29136e-09	
9.29	0.25	0.468697	0.28	0.0752052	0.65	0.647658	0	6.55178e-05	0	-1.57557e-05	0	-3.38938e-09	
9.29	0.25	0.468697	0.28	0.0752052	0.65	0.647658	0	6.55178e-05	0	-1.57557e-05	0	-3.38938e-09	
9.3	0.25	0.466468	0.28	0.0772379	0.65	0.647631	0	5.92563e-05	0	-1.45938e-05	0	-2.49015e-09	
9.3	0.25	0.466468	0.28	0.0772379	0.65	0.647631	0	5.92563e-05	0	-1.45938e-05	0	-2.49015e-09	
9.31	0.25	0.464227	0.28	0.0792818	0.65	0.647606	0	5.34118e-05	0	-1.3467e-05	0	-1.67178e-09	
9.31	0.25	0.464227	0.28	0.0792818	0.65	0.647606	0	5.34118e-05	0	-1.3467e-05	0	-1.67178e-09	
9.32	0.25	0.461975	0.28	0.0813372	0.65	0.647581	0	4.65626e-05	0	-1.20148e-05	0	-9.71995e-10	
9.32	0.25	0.461975	0.28	0.0813372	0.65	0.647581	0	4.65626e-05	0	-1.20148e-05	0	-9.71995e-10	
9.33	0.25	0.459711	0.28	0.0834025	0.65	0.647558	0	3.99997e-05	0	-1.05593e-05	0	-3.5665e-10	
9.33	0.25	0.459711	0.28	0.0834025	0.65	0.647558	0	3.99997e-05	0	-1.05593e-05	0	-3.5665e-10	
9.34	0.25	0.457436	0.28	0.0854789	0.65	0.647536	0	3.1619e-05	0	-8.53645e-06	0	9.12261e-11	
9.34	0.25	0.457436	0.28	0.0854789	0.65	0.647536	0	3.1619e-05	0	-8.53645e-06	0	9.12261e-11	
9.35	0.25	0.455152	0.28	0.0875645	0.65	0.647515	0	2.391e-05	0	-6.59962e-06	0	3.51192e-10	
9.35	0.25	0.455152	0.28	0.0875645	0.65	0.647515	0	2.391e-05	0	-6.59962e-06	0	3.51192e-10	
9.36	0.25	0.452857	0.28	0.0896601	0.65	0.647495	0	1.54647e-05	0	-4.3627e-06	0	4.06228e-10	
9.36	0.25	0.452857	0.28	0.0896601	0.65	0.647495	0	1.54647e-05	0	-4.3627e-06	0	4.06228e-10	
9.37	0.25	0.450554	0.28	0.0917642	0.65	0.647475	0	7.48176e-06	0	-2.15654e-06	0	2.88023e-10	
9.37	0.25	0.450554	0.28	0.0917642	0.65	0.647475	0	7.48176e-06	0	-2.15654e-06	0	2.88023e-10	
9.38	0.25	0.448242	0.28	0.0938774	0.65	0.647456	0	-1.27698e-06	0	3.75965e-07	0	-6.36793e-11	
9.38	0.25	0.448242	0.28	0.0938774	0.65	0.647456	0	-1.27698e-06	0	3.75965e-07	0	-6.36793e-11	
9.39	0.25	0.445922	0.28	0.0959981	0.65	0.647437	0	-9.50899e-06	0	2.85878e-06	0	-5.84964e-10	
9.39	0.25	0.445922	0.28	0.0959981	0.65	0.647437	0	-9.50899e-06	0	2.85878e-06	0	-5.84964e-10	
9.4	0.25	0.443595	0.28	0.0981271	0.65	0.647419	0	-1.86588e-05	0	5.72648e-06	0	-1.35206e-09	
9.4	0.25	0.443595	0.28	0.0981271	0.65	0.647419	0	-1.86588e-05	0	5.72648e-06	0	-1.35206e-09	
9.41	0.25	0.44126	0.28	0.100263	0.65	0.647401	0	-2.66212e-05	0	8.33812e-06	0	-2.22648e-09	
9.41	0.25	0.44126	0.28	0.100263	0.65	0.647401	0	-2.66212e-05	0	8.33812e-06	0	-2.22648e-09	
9.42	0.25	0.43892	0.28	0.102406	0.65	0.647383	0	-3.53469e-05	0	1.12956e-05	0	-3.31565e-09	
9.42	0.25	0.43892	0.28	0.102406	0.65	0.647383	0	-3.53469e-05	0	1.12956e-05	0	-3.31565e-09	
9.43	0.25	0.436573	0.28	0.104555	0.65	0.647365	0	-4.3317e-05	0	1.41195e-05	0	-4.52296e-09	
9.43	0.25	0.436573	0.28	0.104555	0.65	0.647365	0	-4.3317e-05	0	1.41195e-05	0	-4.52296e-09	
9.44	0.25	0.43422	0.28	0.106711	0.65	0.647348	0	-5.16875e-05	0	1.71805e-05	0	-5.8647e-09	
9.44	0.25	0.43422	0.28	0.106711	0.65	0.647348	0	-5.16875e-05	0	1.71805e-05	0	-5.8647e-09	
9.45	0.25	0.431862	0.28	0.108871	0.65	0.647331	0	-5.94715e-05	0	2.0153e-05	0	-7.34074e-09	
9.45	0.25	0.431862	0.28	0.108871	0.65	0.647331	0	-5.94715e-05	0	2.0153e-05	0	-7.34074e-09	
9.46	0.25	0.4295	0.28	0.111037	0.65	0.647314	0	-6.79282e-05	0	2.34614e-05	0	-8.98446e-09	
9.46	0.25	0.4295	0.28	0.111037	0.65	0.647314	0	-6.79282e-05	0	2.34614e-05	0	-8.98446e-09	
9.47	0.25	0.427133	0.28	0.113207	0.65	0.647298	0	-7.52984e-05	0	2.65006e-05	0	-1.06696e-08	
9.47	0.25	0.427133	0.28	0.113207	0.65	0.647298	0	-7.52984e-05	0	2.65006e-05	0	-1.06696e-08	
