48.76	0.25	0.566667	0.28	-0.0121023	0.65	0.651882	0	0.125088	-0.15	-0.0266332	0.6	0.69834	
48.77	0.25	0.566667	0.28	-0.0121012	0.65	0.651883	0	0.125087	-0.15	-0.0266329	0.6	0.69834	
48.78	0.25	0.566813	0.28	-0.0121844	0.65	0.651718	0	0.12525	-0.15	-0.0266621	0.6	0.698289	
48.79	0.25	0.5668	0.28	-0.0121771	0.65	0.651706	0	0.125243	-0.15	-0.0266608	0.6	0.69829	
48.8	0.25	0.566707	0.28	-0.0121385	0.65	0.651716	0	0.125148	-0.15	-0.0266647	0.6	0.698314	
48.81	0.25	0.566653	0.28	-0.0120815	0.65	0.651694	0	0.125111	-0.15	-0.0266541	0.6	0.698324	
48.82	0.25	0.566615	0.28	-0.0120034	0.65	0.651657	0	0.125092	-0.15	-0.0266509	0.6	0.698328	
48.83	0.25	0.566537	0.28	-0.0119241	0.65	0.651631	0	0.125043	-0.15	-0.0266382	0.6	0.698341	
48.84	0.25	0.566435	0.28	-0.0118233	0.65	0.651608	0	0.124974	-0.15	-0.0266335	0.6	0.69836	
48.85	0.25	0.566322	0.28	-0.0117137	0.65	0.651584	0	0.124905	-0.15	-0.0266181	0.6	0.69838	
48.86	0.25	0.566198	0.28	-0.0115821	0.65	0.651558	0	0.124831	-0.15	-0.0266109	0.6	0.698402	
48.87	0.25	0.566053	0.28	-0.011444	0.65	0.651537	0	0.124746	-0.15	-0.0265943	0.6	0.698428	
48.88	0.25	0.565891	0.28	-0.0112835	0.65	0.651516	0	0.124652	-0.15	-0.0265863	0.6	0.698456	
48.89	0.25	0.56571	0.28	-0.0111149	0.65	0.651497	0	0.124551	-0.15	-0.0265692	0.6	0.698488	
48.9	0.25	0.565514	0.28	-0.0109237	0.65	0.651477	0	0.124443	-0.15	-0.026561	0.6	0.698522	
48.91	0.25	0.565299	0.28	-0.0107244	0.65	0.651459	0	0.124328	-0.15	-0.0265443	0.6	0.698559	
48.92	0.25	0.565067	0.28	-0.0105026	0.65	0.65144	0	0.124205	-0.15	-0.0265372	0.6	0.698599	
48.93	0.25	0.564817	0.28	-0.0102727	0.65	0.651423	0	0.124076	-0.15	-0.0265221	0.6	0.698642	
48.94	0.25	0.564548	0.28	-0.0100204	0.65	0.651405	0	0.12394	-0.15	-0.0265171	0.6	0.698687	
48.95	0.25	0.564263	0.28	-0.00976005	0.65	0.651388	0	0.123798	-0.15	-0.0265048	0.6	0.698734	
48.96	0.25	0.563959	0.28	-0.00947744	0.65	0.651369	0	0.12365	-0.15	-0.0265032	0.6	0.698784	
48.97	0.25	0.563638	0.28	-0.00918707	0.65	0.651351	0	0.123495	-0.15	-0.026495	0.6	0.698837	
48.98	0.25	0.563298	0.28	-0.00887398	0.65	0.651331	0	0.123336	-0.15	-0.0264979	0.6	0.698891	
48.99	0.25	0.562941	0.28	-0.00855363	0.65	0.651311	0	0.12317	-0.15	-0.0264951	0.6	0.698948	
49	0.25	0.562565	0.28	-0.00821078	0.65	0.651288	0	0.123	-0.15	-0.026504	0.6	0.699007	
49.01	0.25	0.562173	0.28	-0.00786016	0.65	0.651265	0	0.122823	-0.15	-0.0265077	0.6	0.699068	
49.02	0.25	0.561761	0.28	-0.00748734	0.65	0.651238	0	0.122643	-0.15	-0.0265239	0.6	0.699131	
49.03	0.25	0.561333	0.28	-0.00710716	0.65	0.651212	0	0.122457	-0.15	-0.0265357	0.6	0.699195	
49.04	0.25	0.560885	0.28	-0.00670471	0.65	0.651181	0	0.122267	-0.15	-0.0265607	0.6	0.699261	
49.05	0.25	0.560421	0.28	-0.00629488	0.65	0.65115	0	0.122072	-0.15	-0.026582	0.6	0.699329	
49.06	0.25	0.559938	0.28	-0.00586297	0.65	0.651115	0	0.121873	-0.15	-0.0266173	0.6	0.699399	
49.07	0.25	0.559437	0.28	-0.00542341	0.65	0.65108	0	0.121669	-0.15	-0.0266496	0.6	0.69947	
49.08	0.25	0.558917	0.28	-0.00496151	0.65	0.651042	0	0.121461	-0.15	-0.0266967	0.6	0.699542	
49.09	0.25	0.55838	0.28	-0.00449236	0.65	0.651003	0	0.121248	-0.15	-0.0267414	0.6	0.699615	
49.1	0.25	0.557823	0.28	-0.00400058	0.65	0.650962	0	0.121033	-0.15	-0.0268019	0.6	0.69969	
49.11	0.25	0.557249	0.28	-0.00350135	0.65	0.65092	0	0.120811	-0.15	-0.0268607	0.6	0.699766	
49.12	0.25	0.556654	0.28	-0.00297919	0.65	0.650877	0	0.120587	-0.15	-0.026936	0.6	0.699842	
49.13	0.25	0.556043	0.28	-0.0024494	0.65	0.650833	0	0.120357	-0.15	-0.0270103	0.6	0.69992	
49.14	0.25	0.55541	0.28	-0.00189687	0.65	0.650788	0	0.120125	-0.15	-0.0271021	0.6	0.699998	
49.15	0.25	0.55476	0.28	-0.00133656	0.65	0.650743	0	0.119887	-0.15	-0.0271937	0.6	0.700077	
49.16	0.25	0.554089	0.28	-0.000752809	0.65	0.650698	0	0.119646	-0.15	-0.0273034	0.6	0.700156	
49.17	0.25	0.553401	0.28	-0.000161127	0.65	0.650653	0	0.119399	-0.15	-0.0274136	0.6	0.700237	
49.18	0.25	0.552691	0.28	0.000454015	0.65	0.650608	0	0.119151	-0.15	-0.0275428	0.6	0.700316	
49.19	0.25	0.551964	0.28	0.00107698	0.65	0.650564	0	0.118896	-0.15	-0.0276732	0.6	0.700397	
49.2	0.25	0.551215	0.28	0.0017236	0.65	0.650521	0	0.118639	-0.15	-0.0278234	0.6	0.700476	
49.21	0.25	0.550449	0.28	0.0023782	0.65	0.650479	0	0.118375	-0.15	-0.0279754	0.6	0.700556	
49.22	0.25	0.54966	0.28	0.00305658	0.65	0.650438	0	0.11811	-0.15	-0.0281478	0.6	0.700635	
49.23	0.25	0.548855	0.28	0.00374291	0.65	0.650397	0	0.117838	-0.15	-0.0283227	0.6	0.700714	
49.24	0.25	0.548028	0.28	0.00445254	0.65	0.650358	0	0.117565	-0.15	-0.0285187	0.6	0.70079	
49.25	0.25	0.547184	0.28	0.0051712	0.65	0.65032	0	0.117284	-0.15	-0.0287175	0.6	0.700867	
49.26	0.25	0.546319	0.28	0.00589746	0.65	0.650278	0	0.117002	-0.15	-0.0289399	0.6	0.70094	
49.27	0.25	0.545438	0.28	0.00664796	0.65	0.650241	0	0.116713	-0.15	-0.0291637	0.6	0.701014	
49.28	0.25	0.544535	0.28	0.00740435	0.65	0.6502	0	0.116423	-0.15	-0.0294102	0.6	0.701083	
49.29	0.25	0.543616	0.28	0.00818509	0.65	0.650162	0	0.116125	-0.15	-0.02966	0.6	0.701152	
49.3	0.25	0.542677	0.28	0.00897284	0.65	0.650121	0	0.115826	-0.15	-0.0299308	0.6	0.701216	
49.31	0.25	0.541722	0.28	0.00978354	0.65	0.650082	0	0.115519	-0.15	-0.030207	0.6	0.701279	
49.32	0.25	0.540748	0.28	0.0106019	0.65	0.650041	0	0.115211	-0.15	-0.0305027	0.6	0.701337	
49.33	0.25	0.539758	0.28	0.0114423	0.65	0.650001	0	0.114895	-0.15	-0.0308052	0.6	0.701393	
49.34	0.25	0.53875	0.28	0.0122905	0.65	0.649958	0	0.114577	-0.15	-0.0311259	0.6	0.701444	
49.35	0.25	0.537726	0.28	0.0131599	0.65	0.649915	0	0.11425	-0.15	-0.0314546	0.6	0.701491	
49.36	0.25	0.536685	0.28	0.0140373	0.65	0.64987	0	0.113922	-0.15	-0.0318001	0.6	0.701533	
49.37	0.25	0.53563	0.28	0.0149347	0.65	0.649825	0	0.113584	-0.15	-0.0321546	0.6	0.70157	
49.38	0.25	0.534557	0.28	0.0158404	0.65	0.649776	0	0.113244	-0.15	-0.0325245	0.6	0.701602	
49.39	0.25	0.533472	0.28	0.0167655	0.65	0.649727	0	0.112895	-0.15	-0.032904	0.6	0.701628	
49.4	0.25	0.532369	0.28	0.0176987	0.65	0.649675	0	0.112542	-0.15	-0.0332977	0.6	0.701648	
49.41	0.25	0.531254	0.28	0.0186506	0.65	0.649622	0	0.11218	-0.15	-0.0337014	0.6	0.701662	
49.42	0.25	0.530123	0.28	0.0196106	0.65	0.649567	0	0.111814	-0.15	-0.0341179	0.6	0.701668	
49.43	0.25	0.52898	0.28	0.0205885	0.65	0.64951	0	0.111438	-0.15	-0.0345449	0.6	0.701669	
49.44	0.25	0.527822	0.28	0.0215745	0.65	0.64945	0	0.111058	-0.15	-0.0349833	0.6	0.70166	
49.45	0.25	0.526653	0.28	0.0225778	0.65	0.649389	0	0.110666	-0.15	-0.0354325	0.6	0.701645	
49.46	0.25	0.525468	0.28	0.023589	0.65	0.649326	0	0.11027	-0.15	-0.0358919	0.6	0.70162	
49.47	0.25	0.524273	0.28	0.0246171	0.65	0.649261	0	0.109862	-0.15	-0.0363622	0.6	0.701588	
49.48	0.25	0.523063	0.28	0.0256525	0.65	0.649194	0	0.109449	-0.15	-0.0368415	0.6	0.701545	
49.49	0.25	0.521843	0.28	0.0267049	0.65	0.649125	0	0.109023	-0.15	-0.037332	0.6	0.701493	
49.5	0.25	0.520609	0.28	0.0277642	0.65	0.649054	0	0.108592	-0.15	-0.0378304	0.6	0.70143	
49.51	0.25	0.519365	0.28	0.02884	0.65	0.648982	0	0.108148	-0.15	-0.0383403	0.6	0.701357	
49.52	0.25	0.518107	0.28	0.0299226	0.65	0.648907	0	0.107698	-0.15	-0.038857	0.6	0.701272	
49.53	0.25	0.51684	0.28	0.0310214	0.65	0.648831	0	0.107235	-0.15	-0.0393855	0.6	0.701176	
49.54	0.25	0.515558	0.28	0.0321271	0.65	0.648752	0	0.106766	-0.15	-0.0399198	0.6	0.701067	
49.55	0.25	0.514269	0.28	0.0332493	0.65	0.648671	0	0.106283	-0.15	-0.0404664	0.6	0.700945	
49.56	0.25	0.512965	0.28	0.034377	0.65	0.648586	0	0.105794	-0.15	-0.0410181	0.6	0.700808	
49.57	0.25	0.511652	0.28	0.0355214	0.65	0.648505	0	0.105289	-0.15	-0.0415822	0.6	0.700659	
49.58	0.25	0.510318	0.28	0.0366418	0.65	0.648382	0	0.104776	-0.15	-0.0421507	0.6	0.700495	
49.59	0.25	0.508975	0.28	0.0377652	0.65	0.648239	0	0.104249	-0.15	-0.0427333	0.6	0.700316	
49.6	0.25	0.507617	0.28	0.038894	0.65	0.648081	0	0.103718	-0.15	-0.0433133	0.6	0.700123	
49.61	0.25	0.506249	0.28	0.0400389	0.65	0.647917	0	0.103171	-0.15	-0.0439064	0.6	0.699916	
49.62	0.25	0.504867	0.28	0.0411919	0.65	0.647744	0	0.102619	-0.15	-0.0444974	0.6	0.699694	
49.63	0.25	0.503477	0.28	0.0423633	0.65	0.647567	0	0.102053	-0.15	-0.0451034	0.6	0.699457	
49.64	0.25	0.502075	0.28	0.0435458	0.65	0.647377	0	0.101483	-0.15	-0.0457081	0.6	0.699205	
49.65	0.25	0.500664	0.28	0.0447468	0.65	0.6472	0	0.100896	-0.15	-0.0463311	0.6	0.698939	
49.66	0.25	0.499242	0.28	0.0459552	0.65	0.647032	0	0.100302	-0.15	-0.046956	0.6	0.698659	
49.67	0.25	0.49781	0.28	0.0471954	0.65	0.646847	0	0.0996967	-0.15	-0.0476002	0.6	0.698359	
49.68	0.25	0.496366	0.28	0.0484487	0.65	0.646661	0	0.0990868	-0.15	-0.0482471	0.6	0.698044	
49.69	0.25	0.494914	0.28	0.0497217	0.65	0.64649	0	0.0984615	-0.15	-0.0489197	0.6	0.697713	
49.7	0.25	0.493451	0.28	0.0510085	0.65	0.64633	0	0.097831	-0.15	-0.049598	0.6	0.697366	
49.71	0.25	0.491986	0.28	0.0523195	0.65	0.646187	0	0.0971915	-0.15	-0.0503039	0.6	0.697001	
49.72	0.25	0.490511	0.28	0.0536456	0.65	0.646054	0	0.0965497	-0.15	-0.0510179	0.6	0.69662	
49.73	0.25	0.489038	0.28	0.0549558	0.65	0.645938	0	0.0958966	-0.15	-0.0517711	0.6	0.69622	
49.74	0.25	0.487554	0.28	0.0562999	0.65	0.645831	0	0.0952449	-0.15	-0.0525314	0.6	0.695803	
49.75	0.25	0.486078	0.28	0.0576247	0.65	0.645739	0	0.0945885	-0.15	-0.053331	0.6	0.695365	
49.76	0.25	0.484588	0.28	0.059002	0.65	0.645658	0	0.0939371	-0.15	-0.0541369	0.6	0.694911	
49.77	0.25	0.483104	0.28	0.060373	0.65	0.645595	0	0.0932858	-0.15	-0.0549786	0.6	0.694436	
49.78	0.25	0.48161	0.28	0.0617864	0.65	0.645547	0	0.0926399	-0.15	-0.0558312	0.6	0.693945	
49.79	0.25	0.48012	0.28	0.0631999	0.65	0.64552	0	0.0919986	-0.15	-0.0567162	0.6	0.693434	
49.8	0.25	0.478624	0.28	0.064648	0.65	0.64551	0	0.0913663	-0.15	-0.0576137	0.6	0.692906	
49.81	0.25	0.477131	0.28	0.0661006	0.65	0.64552	0	0.0907431	-0.15	-0.0585383	0.6	0.69236	
49.82	0.25	0.475634	0.28	0.0675798	0.65	0.645546	0	0.0901317	-0.15	-0.0594747	0.6	0.691797	
49.83	0.25	0.47414	0.28	0.0690655	0.65	0.645591	0	0.0895331	-0.15	-0.0604316	0.6	0.691217	
49.84	0.25	0.472643	0.28	0.0705714	0.65	0.645648	0	0.0889488	-0.15	-0.0613961	0.6	0.690622	
49.85	0.25	0.471147	0.28	0.0720839	0.65	0.64572	0	0.0883795	-0.15	-0.0623726	0.6	0.690011	
49.86	0.25	0.469649	0.28	0.0736104	0.65	0.6458	0	0.0878252	-0.15	-0.0633506	0.6	0.689387	
49.87	0.25	0.468151	0.28	0.0751414	0.65	0.645889	0	0.0872859	-0.15	-0.0643308	0.6	0.688749	
49.88	0.25	0.466649	0.28	0.0766805	0.65	0.645983	0	0.0867603	-0.15	-0.0653047	0.6	0.688102	
49.89	0.25	0.465146	0.28	0.0782205	0.65	0.646082	0	0.0862473	-0.15	-0.0662713	0.6	0.687444	
49.9	0.25	0.463638	0.28	0.0797627	0.65	0.646181	0	0.0857449	-0.15	-0.0672237	0.6	0.68678	
49.91	0.25	0.462126	0.28	0.0813015	0.65	0.64628	0	0.0852508	-0.15	-0.0681602	0.6	0.686108	
49.92	0.25	0.46061	0.28	0.082836	0.65	0.646376	0	0.0847622	-0.15	-0.0690763	0.6	0.685434	
49.93	0.25	0.459092	0.28	0.0843416	0.65	0.64647	0	0.0842735	-0.15	-0.0699743	0.6	0.684756	
49.94	0.25	0.457574	0.28	0.0858052	0.65	0.64656	0	0.0837797	-0.15	-0.070854	0.6	0.684078	
49.95	0.25	0.456051	0.28	0.0872548	0.65	0.646646	0	0.0832838	-0.15	-0.0717065	0.6	0.6834	
49.96	0.25	0.454524	0.28	0.0886923	0.65	0.646727	0	0.0827848	-0.15	-0.0725291	0.6	0.682726	
49.97	0.25	0.452989	0.28	0.090114	0.65	0.646807	0	0.0822776	-0.15	-0.0733264	0.6	0.682055	
49.98	0.25	0.451447	0.28	0.0915197	0.65	0.646885	0	0.0817602	-0.15	-0.0740999	0.6	0.681389	
49.99	0.25	0.449899	0.28	0.0929094	0.65	0.646963	0	0.0812328	-0.15	-0.0748511	0.6	0.680727	
50	0.25	0.448315	0.28	0.0943201	0.65	0.646997	0	0.0806907	-0.15	-0.0755859	0.6	0.680072	
50.01	0.25	0.446719	0.28	0.0957353	0.65	0.647015	0	0.0801414	-0.15	-0.0763009	0.6	0.679421	
50.02	0.25	0.445115	0.28	0.0971442	0.65	0.647024	0	0.0795864	-0.15	-0.0770012	0.6	0.678783	
50.03	0.25	0.443505	0.28	0.0985489	0.65	0.647032	0	0.0790227	-0.15	-0.0776903	0.6	0.678151	
50.04	0.25	0.441889	0.28	0.099946	0.65	0.647038	0	0.0784523	-0.15	-0.078372	0.6	0.677531	
50.05	0.25	0.440269	0.28	0.101341	0.65	0.647047	0	0.0778762	-0.15	-0.0790459	0.6	0.676917	
50.06	0.25	0.438646	0.28	0.102731	0.65	0.647055	0	0.0772956	-0.15	-0.0797155	0.6	0.676316	
50.07	0.25	0.437019	0.28	0.104119	0.65	0.647067	0	0.0767106	-0.15	-0.0803815	0.6	0.675721	
50.08	0.25	0.43539	0.28	0.105505	0.65	0.647077	0	0.0761225	-0.15	-0.0810459	0.6	0.675137	
50.09	0.25	0.433758	0.28	0.106891	0.65	0.647088	0	0.0755317	-0.15	-0.0817086	0.6	0.674561	
50.1	0.25	0.432124	0.28	0.108276	0.65	0.647096	0	0.0749392	-0.15	-0.082371	0.6	0.673994	
50.11	0.25	0.430488	0.28	0.109663	0.65	0.647103	0	0.0743453	-0.15	-0.0830329	0.6	0.673434	
50.12	0.25	0.428851	0.28	0.11105	0.65	0.647106	0	0.0737504	-0.15	-0.0836953	0.6	0.672884	
50.13	0.25	0.427213	0.28	0.112439	0.65	0.647106	0	0.0731548	-0.15	-0.0843576	0.6	0.67234	
50.14	0.25	0.425573	0.28	0.11383	0.65	0.647102	0	0.0725588	-0.15	-0.0850205	0.6	0.671805	
50.15	0.25	0.423932	0.28	0.115223	0.65	0.647095	0	0.0719622	-0.15	-0.0856839	0.6	0.671277	
50.16	0.25	0.42229	0.28	0.116617	0.65	0.647083	0	0.0713652	-0.15	-0.0863481	0.6	0.670758	
50.17	0.25	0.420647	0.28	0.118014	0.65	0.647068	0	0.0707679	-0.15	-0.0870127	0.6	0.670246	
50.18	0.25	0.419003	0.28	0.119412	0.65	0.647049	0	0.0701703	-0.15	-0.0876783	0.6	0.669742	
50.19	0.25	0.417359	0.28	0.120811	0.65	0.647027	0	0.0695723	-0.15	-0.0883444	0.6	0.669244	
50.2	0.25	0.415714	0.28	0.122212	0.65	0.647001	0	0.068974	-0.15	-0.0890117	0.6	0.668754	
50.21	0.25	0.414068	0.28	0.123613	0.65	0.646973	0	0.0683753	-0.15	-0.0896795	0.6	0.668271	
50.22	0.25	0.412421	0.28	0.125016	0.65	0.646941	0	0.0677762	-0.15	-0.0903485	0.6	0.667795	
50.23	0.25	0.410774	0.28	0.126419	0.65	0.646907	0	0.0671768	-0.15	-0.0910182	0.6	0.667325	
50.24	0.25	0.409127	0.28	0.127822	0.65	0.646871	0	0.0665769	-0.15	-0.0916891	0.6	0.666862	
50.25	0.25	0.407479	0.28	0.129224	0.65	0.646833	0	0.0659765	-0.15	-0.0923609	0.6	0.666405	
50.26	0.25	0.40583	0.28	0.130627	0.65	0.646793	0	0.065376	-0.15	-0.0930338	0.6	0.665954	
50.27	0.25	0.404181	0.28	0.132028	0.65	0.646752	0	0.0647748	-0.15	-0.0937078	0.6	0.665509	
50.28	0.25	0.402532	0.28	0.133429	0.65	0.646709	0	0.0641735	-0.15	-0.0943827	0.6	0.66507	
50.29	0.25	0.400883	0.28	0.134828	0.65	0.646667	0	0.0635719	-0.15	-0.0950583	0.6	0.664636	
50.3	0.25	0.399233	0.28	0.136227	0.65	0.646623	0	0.0629701	-0.15	-0.0957351	0.6	0.664208	
50.31	0.25	0.397584	0.28	0.137623	0.65	0.646579	0	0.062368	-0.15	-0.0964126	0.6	0.663785	
50.32	0.25	0.395935	0.28	0.139019	0.65	0.646533	0	0.061766	-0.15	-0.0970909	0.6	0.663367	
50.33	0.25	0.394286	0.28	0.140411	0.65	0.646488	0	0.0611638	-0.15	-0.0977698	0.6	0.662953	
50.34	0.25	0.392637	0.28	0.141804	0.65	0.646442	0	0.060562	-0.15	-0.0984493	0.6	0.662545	
50.35	0.25	0.390985	0.28	0.143201	0.65	0.646396	0	0.0599615	-0.15	-0.0991281	0.6	0.66214	
50.36	0.25	0.389334	0.28	0.144596	0.65	0.646348	0	0.0593614	-0.15	-0.0998075	0.6	0.661741	
50.37	0.25	0.387684	0.28	0.145988	0.65	0.6463	0	0.0587612	-0.15	-0.100488	0.6	0.661344	
50.38	0.25	0.386034	0.28	0.147379	0.65	0.646251	0	0.0581618	-0.15	-0.101168	0.6	0.660952	
50.39	0.25	0.384386	0.28	0.148768	0.65	0.646201	0	0.0575628	-0.15	-0.101848	0.6	0.660564	
50.4	0.25	0.382729	0.28	0.150175	0.65	0.646152	0	0.0569682	-0.15	-0.102526	0.6	0.66018	
50.41	0.25	0.381063	0.28	0.151601	0.65	0.646104	0	0.0563781	-0.15	-0.1032	0.6	0.6598	
50.42	0.25	0.379399	0.28	0.153023	0.65	0.646054	0	0.0557879	-0.15	-0.103878	0.6	0.659423	
50.43	0.25	0.377499	0.28	0.154736	0.65	0.64603	0	0.0551825	-0.15	-0.104567	0.6	0.659047	
50.44	0.25	0.375426	0.28	0.156677	0.65	0.64603	0	0.0545796	-0.15	-0.105254	0.6	0.658676	
50.45	0.25	0.373466	0.28	0.158483	0.65	0.646004	0	0.0539926	-0.15	-0.105945	0.6	0.658315	
50.46	0.25	0.371601	0.28	0.160166	0.65	0.645966	0	0.0534107	-0.15	-0.106644	0.6	0.65796	
50.47	0.25	0.369817	0.28	0.161735	0.65	0.645922	0	0.0528237	-0.15	-0.107339	0.6	0.657616	
50.48	0.25	0.368091	0.28	0.163226	0.65	0.645877	0	0.0522332	-0.15	-0.108026	0.6	0.65728	
50.49	0.25	0.366406	0.28	0.164656	0.65	0.645833	0	0.0516407	-0.15	-0.108712	0.6	0.656948	
50.5	0.25	0.364746	0.28	0.166046	0.65	0.64579	0	0.0510464	-0.15	-0.109398	0.6	0.656618	
50.51	0.25	0.363101	0.28	0.167407	0.65	0.645749	0	0.0504514	-0.15	-0.110083	0.6	0.656288	
50.52	0.25	0.361466	0.28	0.168748	0.65	0.645708	0	0.0498564	-0.15	-0.110766	0.6	0.65596	
50.53	0.25	0.359838	0.28	0.170074	0.65	0.645668	0	0.0492619	-0.15	-0.111448	0.6	0.655631	
50.54	0.25	0.358216	0.28	0.171387	0.65	0.645627	0	0.0486683	-0.15	-0.112128	0.6	0.655303	
50.55	0.25	0.356599	0.28	0.17269	0.65	0.645585	0	0.048076	-0.15	-0.112806	0.6	0.654975	
50.56	0.25	0.354987	0.28	0.173985	0.65	0.645542	0	0.0474853	-0.15	-0.113481	0.6	0.654647	
50.57	0.25	0.35338	0.28	0.175271	0.65	0.645498	0	0.0468963	-0.15	-0.114153	0.6	0.65432	
50.58	0.25	0.351778	0.28	0.17655	0.65	0.645452	0	0.0463095	-0.15	-0.114821	0.6	0.653994	
50.59	0.25	0.350181	0.28	0.177822	0.65	0.645406	0	0.0457246	-0.15	-0.115487	0.6	0.653668	
50.6	0.25	0.348589	0.28	0.17909	0.65	0.645359	0	0.0451423	-0.15	-0.116149	0.6	0.653343	
50.61	0.25	0.347001	0.28	0.180351	0.65	0.64531	0	0.0445623	-0.15	-0.116808	0.6	0.653019	
50.62	0.25	0.345417	0.28	0.181609	0.65	0.645258	0	0.0439851	-0.15	-0.117463	0.6	0.652695	
50.63	0.25	0.343837	0.28	0.182862	0.65	0.645205	0	0.0434104	-0.15	-0.118115	0.6	0.652373	
50.64	0.25	0.342261	0.28	0.184111	0.65	0.645149	0	0.0428385	-0.15	-0.118763	0.6	0.652051	
50.65	0.25	0.340688	0.28	0.185354	0.65	0.645092	0	0.0422691	-0.15	-0.119409	0.6	0.65173	
50.66	0.25	0.33912	0.28	0.186593	0.65	0.645033	0	0.0417025	-0.15	-0.120051	0.6	0.651411	
50.67	0.25	0.337556	0.28	0.187825	0.65	0.644973	0	0.0411385	-0.15	-0.120689	0.6	0.651092	
50.68	0.25	0.335997	0.28	0.189052	0.65	0.644912	0	0.0405771	-0.15	-0.121325	0.6	0.650775	
50.69	0.25	0.334443	0.28	0.19027	0.65	0.644853	0	0.040018	-0.15	-0.121958	0.6	0.650459	
50.7	0.25	0.332894	0.28	0.191481	0.65	0.644793	0	0.0394616	-0.15	-0.122587	0.6	0.650145	
50.71	0.25	0.331352	0.28	0.192683	0.65	0.644735	0	0.0389074	-0.15	-0.123214	0.6	0.649832	
50.72	0.25	0.329815	0.28	0.193876	0.65	0.644679	0	0.0383556	-0.15	-0.123838	0.6	0.649521	
50.73	0.25	0.328284	0.28	0.195058	0.65	0.644624	0	0.0378063	-0.15	-0.124459	0.6	0.649211	
50.74	0.25	0.32676	0.28	0.196231	0.65	0.644571	0	0.0372594	-0.15	-0.125077	0.6	0.648904	
50.75	0.25	0.325243	0.28	0.197393	0.65	0.64452	0	0.0367148	-0.15	-0.125691	0.6	0.648597	
50.76	0.25	0.323732	0.28	0.198545	0.65	0.64447	0	0.0361731	-0.15	-0.126302	0.6	0.648294	
50.77	0.25	0.322229	0.28	0.199685	0.65	0.64442	0	0.0356338	-0.15	-0.12691	0.6	0.647991	
50.78	0.25	0.320732	0.28	0.200815	0.65	0.644372	0	0.0350974	-0.15	-0.127514	0.6	0.647691	
50.79	0.25	0.319244	0.28	0.201935	0.65	0.644324	0	0.0345638	-0.15	-0.128114	0.6	0.647393	
50.8	0.25	0.317762	0.28	0.203043	0.65	0.644275	0	0.0340333	-0.15	-0.128709	0.6	0.647097	
50.81	0.25	0.316288	0.28	0.20414	0.65	0.644227	0	0.033506	-0.15	-0.129301	0.6	0.646804	
50.82	0.25	0.314822	0.28	0.205227	0.65	0.644178	0	0.032982	-0.15	-0.129888	0.6	0.646512	
50.83	0.25	0.313363	0.28	0.206303	0.65	0.644128	0	0.0324611	-0.15	-0.130471	0.6	0.646223	
50.84	0.25	0.311912	0.28	0.207369	0.65	0.644077	0	0.0319441	-0.15	-0.131048	0.6	0.645937	
50.85	0.25	0.310469	0.28	0.208423	0.65	0.644026	0	0.0314305	-0.15	-0.131621	0.6	0.645652	
50.86	0.25	0.309034	0.28	0.209468	0.65	0.643973	0	0.0309207	-0.15	-0.13219	0.6	0.645371	
50.87	0.25	0.307606	0.28	0.2105	0.65	0.643919	0	0.0304146	-0.15	-0.132753	0.6	0.645092	
50.88	0.25	0.306186	0.28	0.211523	0.65	0.643864	0	0.0299125	-0.15	-0.133311	0.6	0.644815	
50.89	0.25	0.304774	0.28	0.212534	0.65	0.643809	0	0.0294143	-0.15	-0.133864	0.6	0.644541	
50.9	0.25	0.30337	0.28	0.213534	0.65	0.643753	0	0.0289202	-0.15	-0.134411	0.6	0.64427	
50.91	0.25	0.301975	0.28	0.214522	0.65	0.643697	0	0.02843	-0.15	-0.134954	0.6	0.644002	
50.92	0.25	0.300587	0.28	0.215499	0.65	0.64364	0	0.0279442	-0.15	-0.135492	0.6	0.643736	
50.93	0.25	0.299207	0.28	0.216464	0.65	0.643583	0	0.0274623	-0.15	-0.136024	0.6	0.643474	
50.94	0.25	0.297836	0.28	0.217418	0.65	0.643526	0	0.0269849	-0.15	-0.13655	0.6	0.643214	
50.95	0.25	0.296473	0.28	0.218358	0.65	0.64347	0	0.0265116	-0.15	-0.137072	0.6	0.642957	
50.96	0.25	0.295119	0.28	0.219287	0.65	0.643413	0	0.0260428	-0.15	-0.137588	0.6	0.642703	
50.97	0.25	0.293773	0.28	0.220202	0.65	0.643358	0	0.0255783	-0.15	-0.138099	0.6	0.642452	
50.98	0.25	0.292436	0.28	0.221105	0.65	0.643302	0	0.0251184	-0.15	-0.138603	0.6	0.642205	
50.99	0.25	0.291109	0.28	0.221995	0.65	0.643248	0	0.0246629	-0.15	-0.139103	0.6	0.64196	
51	0.25	0.28979	0.28	0.222872	0.65	0.643193	0	0.0242121	-0.15	-0.139596	0.6	0.641718	
51.01	0.25	0.288481	0.28	0.223736	0.65	0.643139	0	0.0237659	-0.15	-0.140084	0.6	0.64148	
51.02	0.25	0.287181	0.28	0.224587	0.65	0.643084	0	0.0233245	-0.15	-0.140565	0.6	0.641245	
51.03	0.25	0.285892	0.28	0.225423	0.65	0.643031	0	0.0228877	-0.15	-0.141041	0.6	0.641013	
51.04	0.25	0.284611	0.28	0.226247	0.65	0.642977	0	0.0224558	-0.15	-0.14151	0.6	0.640784	
51.05	0.25	0.283341	0.28	0.227057	0.65	0.642923	0	0.0220288	-0.15	-0.141973	0.6	0.640558	
51.06	0.25	0.282081	0.28	0.227853	0.65	0.64287	0	0.0216068	-0.15	-0.142429	0.6	0.640336	
51.07	0.25	0.280832	0.28	0.228636	0.65	0.642816	0	0.0211896	-0.15	-0.142879	0.6	0.640117	
51.08	0.25	0.279593	0.28	0.229404	0.65	0.642762	0	0.0207775	-0.15	-0.143323	0.6	0.639902	
51.09	0.25	0.278365	0.28	0.230159	0.65	0.642708	0	0.0203706	-0.15	-0.14376	0.6	0.639689	
51.1	0.25	0.277147	0.28	0.2309	0.65	0.642653	0	0.0199687	-0.15	-0.14419	0.6	0.63948	
51.11	0.25	0.275941	0.28	0.231627	0.65	0.642599	0	0.0195719	-0.15	-0.144613	0.6	0.639274	
51.12	0.25	0.274746	0.28	0.232341	0.65	0.642544	0	0.0191805	-0.15	-0.145029	0.6	0.639072	
51.13	0.25	0.273562	0.28	0.23304	0.65	0.642489	0	0.0187942	-0.15	-0.145439	0.6	0.638872	
51.14	0.25	0.27239	0.28	0.233725	0.65	0.642435	0	0.0184132	-0.15	-0.145842	0.6	0.638676	
51.15	0.25	0.27123	0.28	0.234396	0.65	0.64238	0	0.0180374	-0.15	-0.146238	0.6	0.638484	
51.16	0.25	0.270081	0.28	0.235053	0.65	0.642325	0	0.0176671	-0.15	-0.146626	0.6	0.638294	
51.17	0.25	0.268945	0.28	0.235697	0.65	0.64227	0	0.0173021	-0.15	-0.147008	0.6	0.638108	
51.18	0.25	0.267821	0.28	0.236326	0.65	0.642216	0	0.0169425	-0.15	-0.147383	0.6	0.637925	
51.19	0.25	0.266709	0.28	0.236942	0.65	0.642161	0	0.0165883	-0.15	-0.14775	0.6	0.637745	
51.2	0.25	0.26561	0.28	0.237543	0.65	0.642107	0	0.0162396	-0.15	-0.148111	0.6	0.637569	
51.21	0.25	0.264524	0.28	0.238131	0.65	0.642054	0	0.0158962	-0.15	-0.148464	0.6	0.637395	
51.22	0.25	0.26345	0.28	0.238706	0.65	0.642	0	0.0155585	-0.15	-0.148811	0.6	0.637225	
51.23	0.25	0.26239	0.28	0.239266	0.65	0.641948	0	0.0152262	-0.15	-0.14915	0.6	0.637058	
51.24	0.25	0.261344	0.28	0.239814	0.65	0.641895	0	0.0148996	-0.15	-0.149482	0.6	0.636894	
51.25	0.25	0.260311	0.28	0.240347	0.65	0.641843	0	0.0145783	-0.15	-0.149808	0.6	0.636733	
51.26	0.25	0.259292	0.28	0.240868	0.65	0.641792	0	0.0142628	-0.15	-0.150126	0.6	0.636575	
51.27	0.25	0.258287	0.28	0.241375	0.65	0.64174	0	0.0139527	-0.15	-0.150436	0.6	0.63642	
51.28	0.25	0.257297	0.28	0.241869	0.65	0.64169	0	0.0136484	-0.15	-0.15074	0.6	0.636269	
51.29	0.25	0.256321	0.28	0.24235	0.65	0.64164	0	0.0133495	-0.15	-0.151037	0.6	0.63612	
51.3	0.25	0.25536	0.28	0.242818	0.65	0.64159	0	0.0130564	-0.15	-0.151327	0.6	0.635974	
51.31	0.25	0.254415	0.28	0.243274	0.65	0.641541	0	0.0127689	-0.15	-0.15161	0.6	0.635832	
51.32	0.25	0.253484	0.28	0.243717	0.65	0.641492	0	0.012487	-0.15	-0.151885	0.6	0.635692	
51.33	0.25	0.252569	0.28	0.244148	0.65	0.641443	0	0.0122107	-0.15	-0.152154	0.6	0.635555	
51.34	0.25	0.251671	0.28	0.244566	0.65	0.641395	0	0.0119402	-0.15	-0.152416	0.6	0.635422	
51.35	0.25	0.250788	0.28	0.244972	0.65	0.641348	0	0.0116752	-0.15	-0.152671	0.6	0.635291	
51.36	0.25	0.249922	0.28	0.245367	0.65	0.641301	0	0.0114161	-0.15	-0.152919	0.6	0.635163	
51.37	0.25	0.249072	0.28	0.245749	0.65	0.641256	0	0.0111625	-0.15	-0.153161	0.6	0.635038	
51.38	0.25	0.248239	0.28	0.24612	0.65	0.64121	0	0.0109146	-0.15	-0.153395	0.6	0.634916	
51.39	0.25	0.247424	0.28	0.246479	0.65	0.641166	0	0.0106724	-0.15	-0.153623	0.6	0.634797	
51.4	0.25	0.246625	0.28	0.246827	0.65	0.641122	0	0.010436	-0.15	-0.153844	0.6	0.634681	
51.41	0.25	0.245845	0.28	0.247163	0.65	0.641078	0	0.0102053	-0.15	-0.154059	0.6	0.634568	
51.42	0.25	0.245082	0.28	0.247488	0.65	0.641036	0	0.00998023	-0.15	-0.154267	0.6	0.634458	
51.43	0.25	0.244337	0.28	0.247803	0.65	0.640994	0	0.00976094	-0.15	-0.154469	0.6	0.63435	
51.44	0.25	0.243611	0.28	0.248107	0.65	0.640953	0	0.00954753	-0.15	-0.154664	0.6	0.634246	
51.45	0.25	0.242903	0.28	0.2484	0.65	0.640913	0	0.00933993	-0.15	-0.154853	0.6	0.634144	
51.46	0.25	0.242214	0.28	0.248683	0.65	0.640874	0	0.00913804	-0.15	-0.155036	0.6	0.634045	
51.47	0.25	0.241544	0.28	0.248955	0.65	0.640836	0	0.008942	-0.15	-0.155212	0.6	0.63395	
51.48	0.25	0.240893	0.28	0.249217	0.65	0.640799	0	0.00875185	-0.15	-0.155383	0.6	0.633857	
51.49	0.25	0.240262	0.28	0.249469	0.65	0.640763	0	0.00856761	-0.15	-0.155547	0.6	0.633767	
51.5	0.25	0.23965	0.28	0.249712	0.65	0.640727	0	0.00838931	-0.15	-0.155705	0.6	0.63368	
51.51	0.25	0.239058	0.28	0.249944	0.65	0.640693	0	0.00821679	-0.15	-0.155857	0.6	0.633596	
51.52	0.25	0.238486	0.28	0.250167	0.65	0.64066	0	0.0080504	-0.15	-0.156003	0.6	0.633515	
51.53	0.25	0.237935	0.28	0.250381	0.65	0.640628	0	0.00789001	-0.15	-0.156143	0.6	0.633437	
51.54	0.25	0.237404	0.28	0.250585	0.65	0.640596	0	0.00773563	-0.15	-0.156277	0.6	0.633363	
51.55	0.25	0.236894	0.28	0.25078	0.65	0.640566	0	0.00758724	-0.15	-0.156405	0.6	0.633291	
51.56	0.25	0.236405	0.28	0.250966	0.65	0.640537	0	0.00744499	-0.15	-0.156527	0.6	0.633222	
51.57	0.25	0.235937	0.28	0.251143	0.65	0.640509	0	0.00730882	-0.15	-0.156644	0.6	0.633157	
51.58	0.25	0.235491	0.28	0.25131	0.65	0.640483	0	0.00717891	-0.15	-0.156755	0.6	0.633094	
51.59	0.25	0.235065	0.28	0.251469	0.65	0.640457	0	0.0070551	-0.15	-0.15686	0.6	0.633035	
51.6	0.25	0.234662	0.28	0.25162	0.65	0.640432	0	0.00693757	-0.15	-0.15696	0.6	0.632978	
51.61	0.25	0.234281	0.28	0.251761	0.65	0.640409	0	0.00682621	-0.15	-0.157054	0.6	0.632925	
51.62	0.25	0.233922	0.28	0.251894	0.65	0.640387	0	0.00672121	-0.15	-0.157142	0.6	0.632876	
51.63	0.25	0.233585	0.28	0.252018	0.65	0.640366	0	0.00662258	-0.15	-0.157225	0.6	0.632829	
51.64	0.25	0.233271	0.28	0.252134	0.65	0.640347	0	0.00653027	-0.15	-0.157302	0.6	0.632786	
51.65	0.25	0.23298	0.28	0.252241	0.65	0.640329	0	0.00644435	-0.15	-0.157373	0.6	0.632746	
51.66	0.25	0.232711	0.28	0.25234	0.65	0.640312	0	0.00636482	-0.15	-0.157439	0.6	0.632709	
51.67	0.25	0.232466	0.28	0.252431	0.65	0.640296	0	0.00629194	-0.15	-0.1575	0.6	0.632675	
51.68	0.25	0.232244	0.28	0.252513	0.65	0.640282	0	0.0062255	-0.15	-0.157555	0.6	0.632645	
51.69	0.25	0.232046	0.28	0.252587	0.65	0.640269	0	0.00616559	-0.15	-0.157604	0.6	0.632619	
51.7	0.25	0.231871	0.28	0.252652	0.65	0.640257	0	0.00611225	-0.15	-0.157648	0.6	0.632595	
51.71	0.25	0.23172	0.28	0.25271	0.65	0.640247	0	0.00606566	-0.15	-0.157686	0.6	0.632575	
51.72	0.25	0.231593	0.28	0.252759	0.65	0.640238	0	0.00602576	-0.15	-0.157719	0.6	0.632559	
51.73	0.25	0.231491	0.28	0.252799	0.65	0.640231	0	0.00599252	-0.15	-0.157747	0.6	0.632546	
51.74	0.25	0.231413	0.28	0.252832	0.65	0.640225	0	0.00596614	-0.15	-0.157768	0.6	0.632537	
51.75	0.25	0.231359	0.28	0.252856	0.65	0.64022	0	0.00594658	-0.15	-0.157785	0.6	0.632531	
51.76	0.25	0.231331	0.28	0.252872	0.65	0.640216	0	0.00593378	-0.15	-0.157795	0.6	0.632529	
51.77	0.25	0.231327	0.28	0.252879	0.65	0.640215	0	0.00592785	-0.15	-0.157801	0.6	0.63253	
51.78	0.25	0.231349	0.28	0.252879	0.65	0.640214	0	0.00592901	-0.15	-0.1578	0.6	0.632535	
51.79	0.25	0.231359	0.28	0.252882	0.65	0.640215	0	0.00592899	-0.15	-0.157799	0.6	0.632539	
51.8	0.25	0.231367	0.28	0.252883	0.65	0.640216	0	0.00592781	-0.15	-0.157799	0.6	0.632542	
51.81	0.25	0.231374	0.28	0.252883	0.65	0.640216	0	0.00592705	-0.15	-0.157799	0.6	0.632544	
51.82	0.25	0.23138	0.28	0.252884	0.65	0.640215	0	0.00592684	-0.15	-0.157798	0.6	0.632546	
51.83	0.25	0.231386	0.28	0.252885	0.65	0.640212	0	0.00592669	-0.15	-0.157796	0.6	0.632547	
51.84	0.25	0.231392	0.28	0.252886	0.65	0.640209	0	0.00592656	-0.15	-0.157794	0.6	0.632549	
51.85	0.25	0.231396	0.28	0.252886	0.65	0.640206	0	0.00592656	-0.15	-0.157793	0.6	0.63255	
51.86	0.25	0.231401	0.28	0.252887	0.65	0.640202	0	0.00592664	-0.15	-0.157791	0.6	0.632551	
51.87	0.25	0.231405	0.28	0.252887	0.65	0.640199	0	0.00592683	-0.15	-0.157789	0.6	0.632552	
51.88	0.25	0.231409	0.28	0.252887	0.65	0.640197	0	0.00592702	-0.15	-0.157787	0.6	0.632553	
51.89	0.25	0.231413	0.28	0.252887	0.65	0.640196	0	0.00592731	-0.15	-0.157785	0.6	0.632554	
51.9	0.25	0.231416	0.28	0.252886	0.65	0.640196	0	0.00592754	-0.15	-0.157783	0.6	0.632555	
51.91	0.25	0.23142	0.28	0.252886	0.65	0.640196	0	0.00592786	-0.15	-0.157781	0.6	0.632556	
51.92	0.25	0.231423	0.28	0.252885	0.65	0.640197	0	0.00592821	-0.15	-0.15778	0.6	0.632557	
51.93	0.25	0.231426	0.28	0.252885	0.65	0.640198	0	0.00592858	-0.15	-0.157778	0.6	0.632558	
51.94	0.25	0.231429	0.28	0.252884	0.65	0.640199	0	0.00592894	-0.15	-0.157777	0.6	0.632558	
51.95	0.25	0.231432	0.28	0.252884	0.65	0.6402	0	0.00592945	-0.15	-0.157775	0.6	0.632559	
51.96	0.25	0.231434	0.28	0.252883	0.65	0.640201	0	0.00592987	-0.15	-0.157774	0.6	0.63256	
51.97	0.25	0.231437	0.28	0.252883	0.65	0.640202	0	0.00593031	-0.15	-0.157772	0.6	0.632561	
51.98	0.25	0.231439	0.28	0.252883	0.65	0.640202	0	0.00593077	-0.15	-0.157771	0.6	0.632562	
51.99	0.25	0.231442	0.28	0.252883	0.65	0.640202	0	0.00593132	-0.15	-0.157769	0.6	0.632563	
52	0.25	0.231444	0.28	0.252882	0.65	0.640202	0	0.00593178	-0.15	-0.157767	0.6	0.632563	
52.01	0.25	0.231447	0.28	0.252882	0.65	0.640202	0	0.0059323	-0.15	-0.157765	0.6	0.632564	
52.02	0.25	0.231449	0.28	0.252882	0.65	0.640201	0	0.00593284	-0.15	-0.157763	0.6	0.632565	
52.03	0.25	0.231452	0.28	0.252882	0.65	0.6402	0	0.00593323	-0.15	-0.157761	0.6	0.632566	
52.04	0.25	0.231455	0.28	0.252882	0.65	0.6402	0	0.00593359	-0.15	-0.157759	0.6	0.632567	
52.05	0.25	0.231458	0.28	0.252882	0.65	0.640199	0	0.00593408	-0.15	-0.157757	0.6	0.632568	
52.06	0.25	0.231461	0.28	0.252881	0.65	0.640199	0	0.00593438	-0.15	-0.157756	0.6	0.632569	
52.07	0.25	0.231464	0.28	0.252881	0.65	0.640198	0	0.00593463	-0.15	-0.157754	0.6	0.63257	
52.08	0.25	0.231467	0.28	0.25288	0.65	0.640197	0	0.00593491	-0.15	-0.157752	0.6	0.63257	
52.09	0.25	0.23147	0.28	0.25288	0.65	0.640197	0	0.0059352	-0.15	-0.15775	0.6	0.632571	
52.1	0.25	0.231474	0.28	0.252879	0.65	0.640196	0	0.00593538	-0.15	-0.157748	0.6	0.632572	
52.11	0.25	0.231477	0.28	0.252879	0.65	0.640195	0	0.00593555	-0.15	-0.157746	0.6	0.632573	
52.12	0.25	0.23148	0.28	0.252878	0.65	0.640195	0	0.0059357	-0.15	-0.157745	0.6	0.632574	
52.13	0.25	0.231483	0.28	0.252877	0.65	0.640195	0	0.00593592	-0.15	-0.157743	0.6	0.632575	
52.14	0.25	0.231486	0.28	0.252877	0.65	0.640194	0	0.00593604	-0.15	-0.157741	0.6	0.632575	
52.15	0.25	0.231489	0.28	0.252876	0.65	0.640194	0	0.00593626	-0.15	-0.15774	0.6	0.632576	
52.16	0.25	0.231491	0.28	0.252876	0.65	0.640194	0	0.00593647	-0.15	-0.157738	0.6	0.632577	
52.17	0.25	0.231494	0.28	0.252875	0.65	0.640194	0	0.00593666	-0.15	-0.157736	0.6	0.632578	
52.18	0.25	0.231497	0.28	0.252875	0.65	0.640194	0	0.00593688	-0.15	-0.157735	0.6	0.632579	
52.19	0.25	0.231499	0.28	0.252874	0.65	0.640193	0	0.00593718	-0.15	-0.157733	0.6	0.63258	
52.2	0.25	0.231502	0.28	0.252874	0.65	0.640193	0	0.00593745	-0.15	-0.157732	0.6	0.63258	
52.21	0.25	0.231504	0.28	0.252874	0.65	0.640193	0	0.00593774	-0.15	-0.15773	0.6	0.632581	
52.22	0.25	0.231507	0.28	0.252873	0.65	0.640193	0	0.00593805	-0.15	-0.157729	0.6	0.632582	
52.23	0.25	0.231509	0.28	0.252873	0.65	0.640192	0	0.00593844	-0.15	-0.157727	0.6	0.632583	
52.24	0.25	0.231511	0.28	0.252873	0.65	0.640192	0	0.00593876	-0.15	-0.157725	0.6	0.632584	
52.25	0.25	0.231514	0.28	0.252873	0.65	0.640192	0	0.00593906	-0.15	-0.157724	0.6	0.632585	
52.26	0.25	0.231516	0.28	0.252873	0.65	0.640191	0	0.00593944	-0.15	-0.157722	0.6	0.632585	
52.27	0.25	0.231518	0.28	0.252873	0.65	0.640191	0	0.00593983	-0.15	-0.157721	0.6	0.632586	
52.28	0.25	0.23152	0.28	0.252873	0.65	0.640191	0	0.00594012	-0.15	-0.157719	0.6	0.632587	
52.29	0.25	0.231522	0.28	0.252873	0.65	0.64019	0	0.00594042	-0.15	-0.157717	0.6	0.632588	
52.3	0.25	0.231524	0.28	0.252873	0.65	0.64019	0	0.00594081	-0.15	-0.157716	0.6	0.632589	
52.31	0.25	0.231527	0.28	0.252873	0.65	0.640189	0	0.00594112	-0.15	-0.157714	0.6	0.632589	
52.32	0.25	0.231529	0.28	0.252873	0.65	0.640189	0	0.00594134	-0.15	-0.157713	0.6	0.63259	
52.33	0.25	0.231531	0.28	0.252872	0.65	0.640189	0	0.00594155	-0.15	-0.157711	0.6	0.632591	
52.34	0.25	0.231533	0.28	0.252872	0.65	0.640188	0	0.00594189	-0.15	-0.15771	0.6	0.632592	
52.35	0.25	0.231536	0.28	0.252872	0.65	0.640188	0	0.00594216	-0.15	-0.157708	0.6	0.632593	
52.36	0.25	0.231538	0.28	0.252872	0.65	0.640188	0	0.00594236	-0.15	-0.157707	0.6	0.632593	
52.37	0.25	0.23154	0.28	0.252872	0.65	0.640188	0	0.00594246	-0.15	-0.157705	0.6	0.632594	
52.38	0.25	0.231542	0.28	0.252872	0.65	0.640187	0	0.00594276	-0.15	-0.157704	0.6	0.632595	
52.39	0.25	0.231544	0.28	0.252871	0.65	0.640187	0	0.005943	-0.15	-0.157703	0.6	0.632596	
52.4	0.25	0.231547	0.28	0.252871	0.65	0.640187	0	0.00594314	-0.15	-0.157701	0.6	0.632597	
52.41	0.25	0.231549	0.28	0.252871	0.65	0.640187	0	0.00594332	-0.15	-0.1577	0.6	0.632597	
52.42	0.25	0.231551	0.28	0.252871	0.65	0.640187	0	0.00594344	-0.15	-0.157698	0.6	0.632598	
52.43	0.25	0.231553	0.28	0.252871	0.65	0.640186	0	0.00594376	-0.15	-0.157697	0.6	0.632599	
52.44	0.25	0.231556	0.28	0.252871	0.65	0.640185	0	0.00594391	-0.15	-0.157696	0.6	0.6326	
52.45	0.25	0.231558	0.28	0.25287	0.65	0.640185	0	0.00594423	-0.15	-0.157694	0.6	0.632601	
52.46	0.25	0.23156	0.28	0.25287	0.65	0.640185	0	0.00594437	-0.15	-0.157693	0.6	0.632601	
52.47	0.25	0.231562	0.28	0.25287	0.65	0.640185	0	0.00594454	-0.15	-0.157691	0.6	0.632602	
52.48	0.25	0.231564	0.28	0.25287	0.65	0.640184	0	0.00594476	-0.15	-0.15769	0.6	0.632603	
52.49	0.25	0.231566	0.28	0.25287	0.65	0.640184	0	0.00594504	-0.15	-0.157689	0.6	0.632604	
52.5	0.25	0.231568	0.28	0.25287	0.65	0.640184	0	0.00594526	-0.15	-0.157687	0.6	0.632604	
52.51	0.25	0.23157	0.28	0.25287	0.65	0.640183	0	0.0059454	-0.15	-0.157686	0.6	0.632605	
52.52	0.25	0.231572	0.28	0.25287	0.65	0.640183	0	0.00594575	-0.15	-0.157685	0.6	0.632606	
52.53	0.25	0.231574	0.28	0.25287	0.65	0.640183	0	0.00594592	-0.15	-0.157683	0.6	0.632607	
52.54	0.25	0.231575	0.28	0.25287	0.65	0.640182	0	0.00594614	-0.15	-0.157682	0.6	0.632607	
52.55	0.25	0.231577	0.28	0.25287	0.65	0.640182	0	0.00594637	-0.15	-0.157681	0.6	0.632608	
52.56	0.25	0.231579	0.28	0.25287	0.65	0.640182	0	0.00594659	-0.15	-0.157679	0.6	0.632609	
52.57	0.25	0.231581	0.28	0.25287	0.65	0.640182	0	0.00594678	-0.15	-0.157678	0.6	0.63261	
52.58	0.25	0.231583	0.28	0.25287	0.65	0.640181	0	0.00594706	-0.15	-0.157677	0.6	0.63261	
52.59	0.25	0.231585	0.28	0.25287	0.65	0.640181	0	0.00594723	-0.15	-0.157676	0.6	0.632611	
52.6	0.25	0.231586	0.28	0.25287	0.65	0.640181	0	0.00594743	-0.15	-0.157674	0.6	0.632612	
52.61	0.25	0.231588	0.28	0.25287	0.65	0.640181	0	0.00594761	-0.15	-0.157673	0.6	0.632613	
52.62	0.25	0.23159	0.28	0.25287	0.65	0.64018	0	0.00594784	-0.15	-0.157672	0.6	0.632613	
52.63	0.25	0.231592	0.28	0.252871	0.65	0.64018	0	0.00594812	-0.15	-0.157671	0.6	0.632614	
52.64	0.25	0.231594	0.28	0.25287	0.65	0.64018	0	0.00594825	-0.15	-0.157669	0.6	0.632615	
52.65	0.25	0.231595	0.28	0.25287	0.65	0.640179	0	0.00594828	-0.15	-0.157668	0.6	0.632615	
52.66	0.25	0.231597	0.28	0.252871	0.65	0.640179	0	0.00594861	-0.15	-0.157667	0.6	0.632616	
52.67	0.25	0.231599	0.28	0.252871	0.65	0.640179	0	0.00594876	-0.15	-0.157666	0.6	0.632617	
52.68	0.25	0.231601	0.28	0.25287	0.65	0.640179	0	0.00594891	-0.15	-0.157665	0.6	0.632618	
52.69	0.25	0.231602	0.28	0.252871	0.65	0.640178	0	0.00594912	-0.15	-0.157663	0.6	0.632618	
52.7	0.25	0.231604	0.28	0.252871	0.65	0.640178	0	0.00594927	-0.15	-0.157662	0.6	0.632619	
52.71	0.25	0.231606	0.28	0.252871	0.65	0.640178	0	0.00594947	-0.15	-0.157661	0.6	0.63262	
52.72	0.25	0.231608	0.28	0.252871	0.65	0.640178	0	0.00594961	-0.15	-0.15766	0.6	0.63262	
52.73	0.25	0.231609	0.28	0.252871	0.65	0.640177	0	0.00594979	-0.15	-0.157659	0.6	0.632621	
52.74	0.25	0.231611	0.28	0.252871	0.65	0.640177	0	0.00594997	-0.15	-0.157658	0.6	0.632622	
52.75	0.25	0.231613	0.28	0.252871	0.65	0.640177	0	0.00595013	-0.15	-0.157656	0.6	0.632622	
52.76	0.25	0.231615	0.28	0.252871	0.65	0.640177	0	0.00595033	-0.15	-0.157655	0.6	0.632623	
52.77	0.25	0.231616	0.28	0.252871	0.65	0.640176	0	0.00595048	-0.15	-0.157654	0.6	0.632624	
52.78	0.25	0.231618	0.28	0.252871	0.65	0.640176	0	0.0059506	-0.15	-0.157653	0.6	0.632624	
52.79	0.25	0.231619	0.28	0.252871	0.65	0.640176	0	0.0059508	-0.15	-0.157652	0.6	0.632625	
52.8	0.25	0.231621	0.28	0.252871	0.65	0.640175	0	0.005951	-0.15	-0.157651	0.6	0.632626	
52.81	0.25	0.231622	0.28	0.252871	0.65	0.640175	0	0.00595111	-0.15	-0.15765	0.6	0.632626	
52.82	0.25	0.231624	0.28	0.252872	0.65	0.640175	0	0.00595136	-0.15	-0.157648	0.6	0.632627	
52.83	0.25	0.231626	0.28	0.252872	0.65	0.640175	0	0.0059515	-0.15	-0.157647	0.6	0.632628	
52.84	0.25	0.231627	0.28	0.252872	0.65	0.640174	0	0.00595163	-0.15	-0.157646	0.6	0.632628	
52.85	0.25	0.231629	0.28	0.252872	0.65	0.640174	0	0.0059518	-0.15	-0.157645	0.6	0.632629	
52.86	0.25	0.23163	0.28	0.252872	0.65	0.640174	0	0.00595199	-0.15	-0.157644	0.6	0.63263	
52.87	0.25	0.231632	0.28	0.252872	0.65	0.640174	0	0.00595209	-0.15	-0.157643	0.6	0.63263	
52.88	0.25	0.231633	0.28	0.252872	0.65	0.640173	0	0.00595225	-0.15	-0.157642	0.6	0.632631	
52.89	0.25	0.231635	0.28	0.252872	0.65	0.640173	0	0.00595248	-0.15	-0.157641	0.6	0.632632	
52.9	0.25	0.231636	0.28	0.252872	0.65	0.640173	0	0.00595264	-0.15	-0.15764	0.6	0.632632	
52.91	0.25	0.231638	0.28	0.252872	0.65	0.640173	0	0.00595273	-0.15	-0.157639	0.6	0.632633	
52.92	0.25	0.231639	0.28	0.252873	0.65	0.640172	0	0.00595286	-0.15	-0.157638	0.6	0.632633	
52.93	0.25	0.231641	0.28	0.252873	0.65	0.640172	0	0.00595307	-0.15	-0.157637	0.6	0.632634	
52.94	0.25	0.231642	0.28	0.252873	0.65	0.640172	0	0.00595318	-0.15	-0.157636	0.6	0.632635	
52.95	0.25	0.231644	0.28	0.252873	0.65	0.640172	0	0.00595334	-0.15	-0.157635	0.6	0.632635	
52.96	0.25	0.231645	0.28	0.252873	0.65	0.640171	0	0.00595352	-0.15	-0.157634	0.6	0.632636	
52.97	0.25	0.231646	0.28	0.252873	0.65	0.640171	0	0.00595366	-0.15	-0.157633	0.6	0.632637	
52.98	0.25	0.231648	0.28	0.252873	0.65	0.640171	0	0.00595378	-0.15	-0.157632	0.6	0.632637	
52.99	0.25	0.23165	0.28	0.252873	0.65	0.640171	0	0.00595388	-0.15	-0.157631	0.6	0.632638	
53	0.25	0.231651	0.28	0.252873	0.65	0.640171	0	0.00595395	-0.15	-0.15763	0.6	0.632638	
53.01	0.25	0.231652	0.28	0.252874	0.65	0.64017	0	0.0059542	-0.15	-0.157629	0.6	0.632639	
53.02	0.25	0.231654	0.28	0.252874	0.65	0.64017	0	0.00595443	-0.15	-0.157628	0.6	0.63264	
53.03	0.25	0.231655	0.28	0.252874	0.65	0.64017	0	0.00595447	-0.15	-0.157627	0.6	0.63264	
53.04	0.25	0.231656	0.28	0.252874	0.65	0.64017	0	0.00595456	-0.15	-0.157626	0.6	0.632641	
53.05	0.25	0.231658	0.28	0.252874	0.65	0.640169	0	0.00595477	-0.15	-0.157625	0.6	0.632641	
53.06	0.25	0.231659	0.28	0.252874	0.65	0.640169	0	0.00595486	-0.15	-0.157624	0.6	0.632642	
53.07	0.25	0.231661	0.28	0.252875	0.65	0.640169	0	0.00595499	-0.15	-0.157623	0.6	0.632643	
53.08	0.25	0.231662	0.28	0.252875	0.65	0.640169	0	0.00595516	-0.15	-0.157622	0.6	0.632643	
53.09	0.25	0.231663	0.28	0.252875	0.65	0.640169	0	0.00595527	-0.15	-0.157621	0.6	0.632644	
53.1	0.25	0.231665	0.28	0.252875	0.65	0.640168	0	0.00595537	-0.15	-0.15762	0.6	0.632644	
53.11	0.25	0.231666	0.28	0.252875	0.65	0.640168	0	0.00595552	-0.15	-0.157619	0.6	0.632645	
53.12	0.25	0.231667	0.28	0.252875	0.65	0.640168	0	0.00595571	-0.15	-0.157618	0.6	0.632646	
53.13	0.25	0.231669	0.28	0.252875	0.65	0.640168	0	0.00595581	-0.15	-0.157617	0.6	0.632646	
53.14	0.25	0.23167	0.28	0.252876	0.65	0.640167	0	0.00595588	-0.15	-0.157616	0.6	0.632647	
53.15	0.25	0.231671	0.28	0.252876	0.65	0.640167	0	0.00595602	-0.15	-0.157615	0.6	0.632647	
53.16	0.25	0.231672	0.28	0.252876	0.65	0.640167	0	0.00595623	-0.15	-0.157614	0.6	0.632648	
53.17	0.25	0.231674	0.28	0.252876	0.65	0.640167	0	0.00595631	-0.15	-0.157614	0.6	0.632648	
53.18	0.25	0.231675	0.28	0.252876	0.65	0.640166	0	0.00595639	-0.15	-0.157613	0.6	0.632649	
53.19	0.25	0.231676	0.28	0.252876	0.65	0.640166	0	0.00595655	-0.15	-0.157612	0.6	0.632649	
53.2	0.25	0.231678	0.28	0.252877	0.65	0.640166	0	0.0059567	-0.15	-0.157611	0.6	0.63265	
53.21	0.25	0.231679	0.28	0.252877	0.65	0.640166	0	0.00595675	-0.15	-0.15761	0.6	0.632651	
53.22	0.25	0.23168	0.28	0.252877	0.65	0.640166	0	0.0059569	-0.15	-0.157609	0.6	0.632651	
53.23	0.25	0.231681	0.28	0.252877	0.65	0.640165	0	0.0059571	-0.15	-0.157608	0.6	0.632652	
53.24	0.25	0.231683	0.28	0.252877	0.65	0.640165	0	0.00595718	-0.15	-0.157607	0.6	0.632652	
53.25	0.25	0.231684	0.28	0.252877	0.65	0.640165	0	0.00595733	-0.15	-0.157606	0.6	0.632653	
53.26	0.25	0.231685	0.28	0.252877	0.65	0.640165	0	0.00595731	-0.15	-0.157606	0.6	0.632653	
53.27	0.25	0.231686	0.28	0.252878	0.65	0.640165	0	0.00595749	-0.15	-0.157605	0.6	0.632654	
53.28	0.25	0.231687	0.28	0.252878	0.65	0.640165	0	0.00595763	-0.15	-0.157604	0.6	0.632654	
53.29	0.25	0.231689	0.28	0.252878	0.65	0.640164	0	0.00595782	-0.15	-0.157603	0.6	0.632655	
53.3	0.25	0.23169	0.28	0.252878	0.65	0.640164	0	0.00595782	-0.15	-0.157602	0.6	0.632655	
53.31	0.25	0.231691	0.28	0.252878	0.65	0.640164	0	0.00595791	-0.15	-0.157601	0.6	0.632656	
53.32	0.25	0.231692	0.28	0.252878	0.65	0.640164	0	0.00595804	-0.15	-0.1576	0.6	0.632656	
53.33	0.25	0.231693	0.28	0.252879	0.65	0.640163	0	0.00595822	-0.15	-0.1576	0.6	0.632657	
53.34	0.25	0.231694	0.28	0.252879	0.65	0.640163	0	0.00595836	-0.15	-0.157599	0.6	0.632658	
53.35	0.25	0.231696	0.28	0.252879	0.65	0.640163	0	0.00595837	-0.15	-0.157598	0.6	0.632658	
53.36	0.25	0.231697	0.28	0.252879	0.65	0.640163	0	0.00595845	-0.15	-0.157597	0.6	0.632659	
53.37	0.25	0.231698	0.28	0.252879	0.65	0.640163	0	0.00595861	-0.15	-0.157596	0.6	0.632659	
53.38	0.25	0.231699	0.28	0.252879	0.65	0.640163	0	0.00595878	-0.15	-0.157595	0.6	0.63266	
53.39	0.25	0.2317	0.28	0.252879	0.65	0.640162	0	0.00595884	-0.15	-0.157595	0.6	0.63266	
53.4	0.25	0.231701	0.28	0.25288	0.65	0.640162	0	0.00595897	-0.15	-0.157594	0.6	0.632661	
53.41	0.25	0.231702	0.28	0.25288	0.65	0.640162	0	0.00595908	-0.15	-0.157593	0.6	0.632661	
53.42	0.25	0.231704	0.28	0.25288	0.65	0.640162	0	0.00595918	-0.15	-0.157592	0.6	0.632662	
53.43	0.25	0.231705	0.28	0.25288	0.65	0.640161	0	0.0059593	-0.15	-0.157592	0.6	0.632662	
53.44	0.25	0.231706	0.28	0.25288	0.65	0.640161	0	0.0059594	-0.15	-0.157591	0.6	0.632663	
53.45	0.25	0.231707	0.28	0.25288	0.65	0.640161	0	0.00595942	-0.15	-0.15759	0.6	0.632663	
53.46	0.25	0.231708	0.28	0.252881	0.65	0.640161	0	0.00595956	-0.15	-0.157589	0.6	0.632664	
53.47	0.25	0.231709	0.28	0.252881	0.65	0.640161	0	0.00595969	-0.15	-0.157588	0.6	0.632664	
53.48	0.25	0.23171	0.28	0.252881	0.65	0.64016	0	0.00595984	-0.15	-0.157588	0.6	0.632664	
53.49	0.25	0.231711	0.28	0.252881	0.65	0.64016	0	0.00595989	-0.15	-0.157587	0.6	0.632665	
53.5	0.25	0.231712	0.28	0.252881	0.65	0.64016	0	0.00595998	-0.15	-0.157586	0.6	0.632665	
53.51	0.25	0.231713	0.28	0.252881	0.65	0.64016	0	0.00596009	-0.15	-0.157585	0.6	0.632666	
53.52	0.25	0.231714	0.28	0.252882	0.65	0.64016	0	0.00596016	-0.15	-0.157585	0.6	0.632666	
53.53	0.25	0.231715	0.28	0.252882	0.65	0.64016	0	0.00596033	-0.15	-0.157584	0.6	0.632667	
53.54	0.25	0.231716	0.28	0.252882	0.65	0.640159	0	0.00596035	-0.15	-0.157583	0.6	0.632667	
53.55	0.25	0.231717	0.28	0.252882	0.65	0.640159	0	0.00596042	-0.15	-0.157582	0.6	0.632668	
53.56	0.25	0.231718	0.28	0.252882	0.65	0.640159	0	0.00596057	-0.15	-0.157582	0.6	0.632668	
53.57	0.25	0.23172	0.28	0.252882	0.65	0.640159	0	0.00596067	-0.15	-0.157581	0.6	0.632669	
53.58	0.25	0.23172	0.28	0.252883	0.65	0.640159	0	0.00596078	-0.15	-0.15758	0.6	0.632669	
53.59	0.25	0.231722	0.28	0.252883	0.65	0.640158	0	0.00596088	-0.15	-0.157579	0.6	0.63267	
53.6	0.25	0.231723	0.28	0.252883	0.65	0.640158	0	0.00596096	-0.15	-0.157579	0.6	0.63267	
53.61	0.25	0.231723	0.28	0.252883	0.65	0.640158	0	0.00596108	-0.15	-0.157578	0.6	0.632671	
53.62	0.25	0.231725	0.28	0.252883	0.65	0.640158	0	0.0059612	-0.15	-0.157577	0.6	0.632671	
53.63	0.25	0.231725	0.28	0.252883	0.65	0.640158	0	0.00596123	-0.15	-0.157577	0.6	0.632671	
53.64	0.25	0.231727	0.28	0.252883	0.65	0.640157	0	0.00596134	-0.15	-0.157576	0.6	0.632672	
53.65	0.25	0.231727	0.28	0.252884	0.65	0.640157	0	0.00596145	-0.15	-0.157575	0.6	0.632672	
53.66	0.25	0.231728	0.28	0.252884	0.65	0.640157	0	0.00596155	-0.15	-0.157574	0.6	0.632673	
53.67	0.25	0.231729	0.28	0.252884	0.65	0.640157	0	0.0059616	-0.15	-0.157574	0.6	0.632673	
53.68	0.25	0.23173	0.28	0.252884	0.65	0.640157	0	0.00596169	-0.15	-0.157573	0.6	0.632674	
53.69	0.25	0.231731	0.28	0.252884	0.65	0.640157	0	0.00596179	-0.15	-0.157572	0.6	0.632674	
53.7	0.25	0.231732	0.28	0.252885	0.65	0.640157	0	0.0059619	-0.15	-0.157572	0.6	0.632675	
53.71	0.25	0.231733	0.28	0.252885	0.65	0.640157	0	0.00596199	-0.15	-0.157571	0.6	0.632675	
53.72	0.25	0.231734	0.28	0.252885	0.65	0.640156	0	0.00596211	-0.15	-0.15757	0.6	0.632675	
53.73	0.25	0.231735	0.28	0.252885	0.65	0.640156	0	0.00596214	-0.15	-0.15757	0.6	0.632676	
53.74	0.25	0.231736	0.28	0.252885	0.65	0.640156	0	0.0059622	-0.15	-0.157569	0.6	0.632676	
53.75	0.25	0.231737	0.28	0.252885	0.65	0.640156	0	0.00596232	-0.15	-0.157568	0.6	0.632677	
53.76	0.25	0.231738	0.28	0.252885	0.65	0.640156	0	0.00596243	-0.15	-0.157568	0.6	0.632677	
53.77	0.25	0.231739	0.28	0.252886	0.65	0.640156	0	0.00596247	-0.15	-0.157567	0.6	0.632678	
53.78	0.25	0.23174	0.28	0.252886	0.65	0.640155	0	0.00596262	-0.15	-0.157566	0.6	0.632678	
53.79	0.25	0.231741	0.28	0.252886	0.65	0.640155	0	0.00596273	-0.15	-0.157566	0.6	0.632678	
53.8	0.25	0.231742	0.28	0.252886	0.65	0.640155	0	0.00596275	-0.15	-0.157565	0.6	0.632679	
53.81	0.25	0.231742	0.28	0.252886	0.65	0.640155	0	0.0059628	-0.15	-0.157565	0.6	0.632679	
53.82	0.25	0.231743	0.28	0.252886	0.65	0.640155	0	0.00596295	-0.15	-0.157564	0.6	0.63268	
53.83	0.25	0.231744	0.28	0.252886	0.65	0.640155	0	0.00596297	-0.15	-0.157563	0.6	0.63268	
53.84	0.25	0.231745	0.28	0.252887	0.65	0.640154	0	0.00596309	-0.15	-0.157562	0.6	0.63268	
53.85	0.25	0.231746	0.28	0.252887	0.65	0.640154	0	0.00596319	-0.15	-0.157562	0.6	0.632681	
53.86	0.25	0.231747	0.28	0.252887	0.65	0.640154	0	0.00596323	-0.15	-0.157561	0.6	0.632681	
53.87	0.25	0.231748	0.28	0.252887	0.65	0.640154	0	0.00596334	-0.15	-0.157561	0.6	0.632682	
53.88	0.25	0.231749	0.28	0.252887	0.65	0.640154	0	0.00596344	-0.15	-0.15756	0.6	0.632682	
53.89	0.25	0.231749	0.28	0.252887	0.65	0.640154	0	0.00596349	-0.15	-0.157559	0.6	0.632682	
53.9	0.25	0.23175	0.28	0.252887	0.65	0.640154	0	0.00596351	-0.15	-0.157559	0.6	0.632683	
53.91	0.25	0.231751	0.28	0.252888	0.65	0.640153	0	0.00596368	-0.15	-0.157558	0.6	0.632683	
53.92	0.25	0.231752	0.28	0.252888	0.65	0.640153	0	0.00596373	-0.15	-0.157558	0.6	0.632684	
53.93	0.25	0.231753	0.28	0.252888	0.65	0.640153	0	0.00596379	-0.15	-0.157557	0.6	0.632684	
53.94	0.25	0.231754	0.28	0.252888	0.65	0.640153	0	0.0059639	-0.15	-0.157556	0.6	0.632684	
53.95	0.25	0.231755	0.28	0.252888	0.65	0.640153	0	0.00596396	-0.15	-0.157556	0.6	0.632685	
53.96	0.25	0.231755	0.28	0.252888	0.65	0.640153	0	0.00596399	-0.15	-0.157555	0.6	0.632685	
53.97	0.25	0.231756	0.28	0.252889	0.65	0.640153	0	0.00596408	-0.15	-0.157554	0.6	0.632686	
53.98	0.25	0.231757	0.28	0.252889	0.65	0.640152	0	0.00596418	-0.15	-0.157554	0.6	0.632686	
