0.672	0.132246	0.0917158	-0.084066	6.32709	-0.278713	-4.19309	0.357875	
0.673	0.131481	0.0910191	-0.0841343	6.31756	-0.278986	-4.16561	0.32468	
0.674	0.0978903	0.0577697	-0.0221298	6.21054	-0.200903	-3.87677	1.48498	
0.675	0.031938	-0.00752687	0.0955953	6.00788	-0.0338914	-3.33474	3.84628	
0.676	0.919043	0.0800635	-1.88217	6.73285	-1.85396	-7.52012	-30.896	
0.677	3.69457	0.486255	-4.60632	8.53836	-4.55477	-15.8896	-58.6799	
0.678	-21.0559	-0.912527	19.9249	3.08445	5.14591	6.19111	-14.9421	
0.679	-50.84	-2.56728	49.7355	-2.61235	26.3012	23.664	20.8784	
0.68	-6.53783	-1.7264	5.79189	3.11642	-0.373174	-5.55045	-17.3089	
0.681	28.7063	2.7194	-29.3545	15.53	-34.2055	-29.8939	-45.9868	
0.682	-11.2194	1.77164	10.5175	12.2382	6.6252	-5.05699	-11.0185	
0.683	-43.329	0.178732	42.4307	3.47035	39.2784	16.0935	22.6675	
0.684	0.109993	1.80124	-0.0804186	14.0636	-2.36956	-12.4535	-16.2073	
0.685	33.7664	6.54239	-34.095	30.7774	-35.979	-38.4293	-44.7552	
0.686	-6.74074	7.25904	6.77534	26.7273	5.57361	-9.93792	-10.5069	
0.687	-39.9197	5.04336	39.466	14.9065	38.6583	14.007	26.6041	
0.688	2.86059	8.76679	-2.50255	31.6663	-3.2122	-16.1917	-15.0126	
0.689	35.7916	12.8278	-36.1022	48.9304	-36.9213	-43.3983	-43.9912	
0.69	-4.69125	15.7561	5.23799	45.0599	4.99956	-12.6567	-8.00601	
0.691	-38.5125	12.3527	38.2628	30.15	38.3658	13.0769	34.4345	
0.692	4.02459	17.0463	-3.54494	48.5784	-3.79722	-18.3111	-11.7763	
0.693	37.0382	20.315	-36.9709	67.361	-37.2996	-46.2878	-42.8665	
0.694	-3.23486	25.3691	4.58602	63.5957	4.74835	-14.4667	-4.06978	
0.695	-37.3503	21.1337	37.7425	46.0705	38.1724	12.3194	42.77	
0.696	4.67106	26.1264	-4.00367	63.6761	-4.31832	-19.6651	-8.11577	
0.697	37.2629	27.0836	-37.3107	79.2371	-37.8465	-47.3331	-42.0986	
0.698	-2.60508	34.2665	4.30541	76.2664	4.33509	-15.2058	-1.10343	
0.699	-36.4964	29.2988	37.4866	57.272	37.7438	12.0209	47.2452	
0.7	4.93637	35.1566	-4.19316	73.9171	-4.82916	-20.1215	-6.21137	
0.701	36.9923	34.9791	-37.4117	87.3617	-38.305	-47.3589	-42.1895	
0.702	-2.29108	43.5587	4.19129	84.872	4.04079	-15.3004	-0.0445875	
0.703	-35.2455	39.2619	37.3658	70.6785	37.616	11.4023	48.3267	
0.704	5.06463	46.6647	-4.24129	85.2126	-4.93218	-20.7251	-4.92395	
0.705	35.7518	44.7592	-37.377	91.7367	-38.6094	-46.9966	-41.6113	
0.706	-2.29164	55.3202	4.16972	91.0311	3.77435	-15.261	0.38775	
0.707	-33.9619	51.3237	37.2899	79.6985	37.441	11.0804	47.3724	
0.708	4.84004	62.7122	-4.25157	95.0319	-5.05934	-20.6898	-4.65753	
0.709	33.8032	62.1849	-37.3608	102.299	-38.8278	-46.782	-41.1937	
0.71	12.0125	72.1494	4.17738	101.589	4.08104	-15.3823	0.681994	
0.711	-7.17173	71.8189	37.3393	91.6787	38.7047	10.5618	45.4843	
0.712	3.66023	80.6421	-4.00675	102.065	-4.28026	-19.6825	-3.24683	
0.713	3.25046	82.7765	-37.1102	103.637	-38.0292	-45.0206	-42.0618	
0.714	0.377272	85.9512	-11.1541	97.0974	4.09937	-14.0031	0.75184	
0.715	3.17508	85.7259	-7.23066	83.6755	37.295	12.034	42.1381	
0.716	5.6669	86.8764	-4.09582	87.3279	-4.72925	-19.9171	-5.72382	
0.717	3.57019	87.2632	-9.60005	87.3306	-37.9155	-45.7907	-42.9813	
0.718	4.40763	88.601	-4.58329	82.0758	4.04906	-15.0412	-2.62793	
0.719	4.90055	87.4156	-3.75528	67.9649	37.5212	12.2097	41.9957	
0.72	6.80362	89.0304	-0.112042	73.0874	-4.51318	-20.178	-7.86293	
0.721	4.36915	90.0102	-6.93681	74.8819	-37.6752	-46.4169	-44.5363	
0.722	4.30975	91.6072	-2.65327	70.5291	4.17502	-14.7999	-2.53901	
0.723	4.4073	90.0988	-2.42009	55.9337	37.5606	12.8516	45.0185	
0.724	6.40758	91.9214	1.5982	61.9428	-4.43025	-20.1339	-7.22119	
0.725	4.11314	93.304	-6.34302	65.0648	-37.6071	-46.5944	-44.6288	
0.726	3.4222	94.9276	-2.88112	61.2075	4.22867	-14.5948	-1.34462	
0.727	3.57944	92.9692	-2.9563	45.8957	37.5941	13.188	48.02	
0.728	6.09086	94.8791	2.14632	52.4244	-4.40886	-20.3517	-6.29121	
0.729	4.33923	96.6678	-6.18097	56.9728	-37.6258	-46.8612	-44.4281	
0.73	3.0299	98.3498	-3.63264	53.716	4.22882	-14.6464	-0.327043	
0.731	3.12431	96.1465	-4.02973	37.5006	37.6245	13.3162	49.8766	
0.732	6.12516	98.5222	2.61339	45.2431	-4.43106	-20.571	-6.04738	
0.733	4.90852	100.282	-5.73624	51.6974	-37.6938	-47.0302	-44.4385	
0.734	2.81259	102.064	-4.56115	49.0345	4.21688	-14.632	0.168569	
0.735	2.50326	99.9324	-5.70153	33.6422	37.6388	13.2099	50.8678	
0.736	5.81472	102.834	2.13428	42.2532	-4.43099	-20.6958	-5.92565	
0.737	5.34409	105.564	-5.31293	49.9508	-37.719	-47.1625	-44.268	
0.738	2.6779	96.9613	-6.83199	38.6007	3.9483	-14.457	1.22524	
0.739	1.0988	93.2339	-10.6822	23.8285	37.4939	12.7238	51.5007	
0.74	4.1224	96.405	-1.15411	34.4057	-4.44603	-20.854	-5.53965	
0.741	5.23899	100.976	-6.00782	45.5641	-37.8888	-47.2888	-42.8298	
0.742	3.13757	103.124	-5.28502	44.529	4.16433	-15.2679	-0.388815	
0.743	1.37821	100.6	-8.88636	30.1284	37.6032	12.2391	49.4596	
0.744	3.56933	103.204	-2.37673	39.3532	-4.43412	-20.5058	-6.61019	
