4.08	0.566517	0.566517	0.0879862	-0.0120138	0.652102	0.652102	0.000105585	0.000105585	-1.70039e-08	-1.70039e-08	9.74303e-09	9.74303e-09	
4.081	0.566517	0.566516	0.0879862	-0.0120147	0.652102	0.652104	0.000105585	5.28228e-05	-1.70039e-08	-2.2524e-08	9.74303e-09	6.27238e-09	
4.082	0.566517	0.566514	0.0879862	-0.0120156	0.652102	0.652105	0.000105585	2.7058e-07	-1.70039e-08	-1.8705e-10	9.74303e-09	3.92874e-11	
4.083	0.566517	0.566513	0.0879862	-0.0120162	0.652102	0.652107	0.000105585	-5.15947e-05	-1.70039e-08	4.93094e-08	9.74303e-09	-8.85554e-09	
4.084	0.566517	0.566511	0.0879862	-0.0120166	0.652102	0.652108	0.000105585	-0.000102773	-1.70039e-08	1.25371e-07	9.74303e-09	-2.03432e-08	
4.085	0.566517	0.56651	0.0879862	-0.0120166	0.652102	0.65211	0.000105585	-0.000153025	-1.70039e-08	2.27026e-07	9.74303e-09	-3.43141e-08	
4.086	0.566517	0.566508	0.0879862	-0.0120161	0.652102	0.652111	0.000105585	-0.000202354	-1.70039e-08	3.53498e-07	9.74303e-09	-5.07418e-08	
4.087	0.566517	0.566507	0.0879862	-0.0120149	0.652102	0.652113	0.000105585	-0.000251234	-1.70039e-08	5.04929e-07	9.74303e-09	-6.96283e-08	
4.088	0.566517	0.566505	0.0879862	-0.0120132	0.652102	0.652114	0.000105585	-0.000299426	-1.70039e-08	6.80355e-07	9.74303e-09	-9.08466e-08	
4.089	0.566517	0.566504	0.0879862	-0.0120109	0.652102	0.652116	0.000105585	-0.00034741	-1.70039e-08	8.80417e-07	9.74303e-09	-1.14522e-07	
4.09	0.566517	0.566502	0.0879862	-0.0120078	0.652102	0.652118	0.000105585	-0.000395183	-1.70039e-08	1.10481e-06	9.74303e-09	-1.40636e-07	
4.091	0.566517	0.566501	0.0879862	-0.0120039	0.652102	0.652119	0.000105585	-0.000442986	-1.70039e-08	1.354e-06	9.74303e-09	-1.69262e-07	
4.092	0.566517	0.566499	0.0879862	-0.0119994	0.652102	0.652121	0.000105585	-0.000490578	-1.70039e-08	1.62726e-06	9.74303e-09	-2.00244e-07	
4.093	0.566517	0.566498	0.0879862	-0.0119939	0.652102	0.652122	0.000105585	-0.000538201	-1.70039e-08	1.92511e-06	9.74303e-09	-2.33779e-07	
4.094	0.566517	0.566497	0.0879862	-0.0119875	0.652102	0.652124	0.000105585	-0.00058609	-1.70039e-08	2.24838e-06	9.74303e-09	-2.69784e-07	
4.095	0.566517	0.566495	0.0879862	-0.01198	0.652102	0.652125	0.000105585	-0.000634011	-1.70039e-08	2.59617e-06	9.74303e-09	-3.08431e-07	
4.096	0.566517	0.566494	0.0879862	-0.0119714	0.652102	0.652127	0.000105585	-0.000681961	-1.70039e-08	2.96846e-06	9.74303e-09	-3.4951e-07	
4.097	0.566517	0.566492	0.0879862	-0.0119617	0.652102	0.652128	0.000105585	-0.00072994	-1.70039e-08	3.3652e-06	9.74303e-09	-3.93005e-07	
4.098	0.566517	0.566491	0.0879862	-0.0119508	0.652102	0.65213	0.000105585	-0.000778189	-1.70039e-08	3.78748e-06	9.74303e-09	-4.39218e-07	
4.099	0.566517	0.56649	0.0879862	-0.0119387	0.652102	0.652131	0.000105585	-0.000826469	-1.70039e-08	4.23413e-06	9.74303e-09	-4.87948e-07	
4.1	0.566517	0.566488	0.0879862	-0.0119254	0.652102	0.652133	0.000105585	-0.000874779	-1.70039e-08	4.70524e-06	9.74303e-09	-5.39088e-07	
4.101	0.566517	0.566487	0.0879862	-0.0119107	0.652102	0.652134	0.000105585	-0.000923359	-1.70039e-08	5.20192e-06	9.74303e-09	-5.92887e-07	
4.102	0.566517	0.566486	0.0879862	-0.0118947	0.652102	0.652135	0.000105585	-0.000971969	-1.70039e-08	5.72296e-06	9.74303e-09	-6.49086e-07	
4.103	0.566517	0.566485	0.0879862	-0.0118771	0.652102	0.652137	0.000105585	-0.00102061	-1.70039e-08	6.26822e-06	9.74303e-09	-7.08037e-07	
4.104	0.566517	0.566483	0.0879862	-0.011858	0.652102	0.652139	0.000105585	-0.00106929	-1.70039e-08	6.8376e-06	9.74303e-09	-7.69519e-07	
4.105	0.566517	0.566482	0.0879862	-0.0118374	0.652102	0.65214	0.000105585	-0.001118	-1.70039e-08	7.43114e-06	9.74303e-09	-8.33397e-07	
4.106	0.566517	0.566481	0.0879862	-0.0118154	0.652102	0.652141	0.000105585	-0.00116674	-1.70039e-08	8.04893e-06	9.74303e-09	-8.99654e-07	
4.107	0.566517	0.566479	0.0879862	-0.0117916	0.652102	0.652143	0.000105585	-0.00121552	-1.70039e-08	8.6905e-06	9.74303e-09	-9.6842e-07	
4.108	0.566517	0.566478	0.0879862	-0.0117663	0.652102	0.652144	0.000105585	-0.00126433	-1.70039e-08	9.35604e-06	9.74303e-09	-1.03954e-06	
4.109	0.566517	0.566477	0.0879862	-0.0117393	0.652102	0.652146	0.000105585	-0.00131317	-1.70039e-08	1.00455e-05	9.74303e-09	-1.11332e-06	
4.11	0.566517	0.566476	0.0879862	-0.0117104	0.652102	0.652147	0.000105585	-0.00136205	-1.70039e-08	1.07585e-05	9.74303e-09	-1.18944e-06	
4.111	0.566517	0.566474	0.0879862	-0.0116798	0.652102	0.652148	0.000105585	-0.00141096	-1.70039e-08	1.14953e-05	9.74303e-09	-1.26806e-06	
4.112	0.566517	0.566473	0.0879862	-0.0116475	0.652102	0.65215	0.000105585	-0.00145991	-1.70039e-08	1.22559e-05	9.74303e-09	-1.34936e-06	
4.113	0.566517	0.566472	0.0879862	-0.0116133	0.652102	0.652151	0.000105585	-0.0015089	-1.70039e-08	1.30399e-05	9.74303e-09	-1.43316e-06	
4.114	0.566517	0.566471	0.0879862	-0.0115774	0.652102	0.652153	0.000105585	-0.00155768	-1.70039e-08	1.38455e-05	9.74303e-09	-1.51906e-06	
4.115	0.566517	0.56647	0.0879862	-0.0115396	0.652102	0.652154	0.000105585	-0.0016065	-1.70039e-08	1.46742e-05	9.74303e-09	-1.60725e-06	
4.116	0.566517	0.566468	0.0879862	-0.0114998	0.652102	0.652156	0.000105585	-0.00165535	-1.70039e-08	1.55261e-05	9.74303e-09	-1.69792e-06	
4.117	0.566517	0.566467	0.0879862	-0.0114582	0.652102	0.652157	0.000105585	-0.00170401	-1.70039e-08	1.6399e-05	9.74303e-09	-1.79081e-06	
4.118	0.566517	0.566466	0.0879862	-0.0114145	0.652102	0.652158	0.000105585	-0.0017527	-1.70039e-08	1.72947e-05	9.74303e-09	-1.88617e-06	
4.119	0.566517	0.566465	0.0879862	-0.011369	0.652102	0.65216	0.000105585	-0.00180143	-1.70039e-08	1.82133e-05	9.74303e-09	-1.984e-06	
4.12	0.566517	0.566463	0.0879862	-0.0113215	0.652102	0.652161	0.000105585	-0.00184996	-1.70039e-08	1.91523e-05	9.74303e-09	-2.0838e-06	
4.121	0.566517	0.566462	0.0879862	-0.011272	0.652102	0.652163	0.000105585	-0.00189853	-1.70039e-08	2.01138e-05	9.74303e-09	-2.18581e-06	
4.122	0.566517	0.566461	0.0879862	-0.0112203	0.652102	0.652164	0.000105585	-0.00194714	-1.70039e-08	2.10978e-05	9.74303e-09	-2.29026e-06	
4.123	0.566517	0.56646	0.0879862	-0.0111669	0.652102	0.652165	0.000105585	-0.00199555	-1.70039e-08	2.2102e-05	9.74303e-09	-2.39709e-06	
4.124	0.566517	0.566459	0.0879862	-0.0111112	0.652102	0.652167	0.000105585	-0.00204399	-1.70039e-08	2.3128e-05	9.74303e-09	-2.50562e-06	
4.125	0.566517	0.566457	0.0879862	-0.0110536	0.652102	0.652168	0.000105585	-0.00209225	-1.70039e-08	2.41738e-05	9.74303e-09	-2.6165e-06	
4.126	0.566517	0.566456	0.0879862	-0.0109939	0.652102	0.65217	0.000105585	-0.00214054	-1.70039e-08	2.52415e-05	9.74303e-09	-2.72978e-06	
4.127	0.566517	0.566455	0.0879862	-0.010932	0.652102	0.652171	0.000105585	-0.00218864	-1.70039e-08	2.63284e-05	9.74303e-09	-2.84515e-06	
4.128	0.566517	0.566454	0.0879862	-0.010868	0.652102	0.652173	0.000105585	-0.00223678	-1.70039e-08	2.74368e-05	9.74303e-09	-2.96318e-06	
4.129	0.566517	0.566453	0.0879862	-0.010802	0.652102	0.652174	0.000105585	-0.00228472	-1.70039e-08	2.85644e-05	9.74303e-09	-3.08274e-06	
4.13	0.566517	0.566452	0.0879862	-0.0107339	0.652102	0.652175	0.000105585	-0.00233271	-1.70039e-08	2.97133e-05	9.74303e-09	-3.20466e-06	
4.131	0.566517	0.56645	0.0879862	-0.0106636	0.652102	0.652177	0.000105585	-0.0023805	-1.70039e-08	3.08805e-05	9.74303e-09	-3.32861e-06	
4.132	0.566517	0.566449	0.0879862	-0.0105911	0.652102	0.652178	0.000105585	-0.00242809	-1.70039e-08	3.20658e-05	9.74303e-09	-3.4543e-06	
4.133	0.566517	0.566448	0.0879862	-0.0105165	0.652102	0.652179	0.000105585	-0.00247573	-1.70039e-08	3.3272e-05	9.74303e-09	-3.58231e-06	
4.134	0.566517	0.566447	0.0879862	-0.0104398	0.652102	0.652181	0.000105585	-0.00252341	-1.70039e-08	3.44991e-05	9.74303e-09	-3.71235e-06	
4.135	0.566517	0.566446	0.0879862	-0.0103609	0.652102	0.652182	0.000105585	-0.00257091	-1.70039e-08	3.57439e-05	9.74303e-09	-3.84498e-06	
4.136	0.566517	0.566445	0.0879862	-0.0102797	0.652102	0.652184	0.000105585	-0.00261821	-1.70039e-08	3.70058e-05	9.74303e-09	-3.97927e-06	
4.137	0.566517	0.566443	0.0879862	-0.0101965	0.652102	0.652185	0.000105585	-0.00266531	-1.70039e-08	3.82848e-05	9.74303e-09	-4.11487e-06	
4.138	0.566517	0.566442	0.0879862	-0.0101111	0.652102	0.652186	0.000105585	-0.00271246	-1.70039e-08	3.95846e-05	9.74303e-09	-4.25306e-06	
4.139	0.566517	0.566441	0.0879862	-0.0100236	0.652102	0.652188	0.000105585	-0.00275942	-1.70039e-08	4.09009e-05	9.74303e-09	-4.39284e-06	
4.14	0.566517	0.56644	0.0879862	-0.00993382	0.652102	0.652189	0.000105585	-0.00280619	-1.70039e-08	4.22338e-05	9.74303e-09	-4.53485e-06	
4.141	0.566517	0.566439	0.0879862	-0.00984194	0.652102	0.652191	0.000105585	-0.00285277	-1.70039e-08	4.35831e-05	9.74303e-09	-4.67839e-06	
4.142	0.566517	0.566438	0.0879862	-0.00974782	0.652102	0.652192	0.000105585	-0.00289915	-1.70039e-08	4.49481e-05	9.74303e-09	-4.82344e-06	
4.143	0.566517	0.566437	0.0879862	-0.00965155	0.652102	0.652193	0.000105585	-0.00294558	-1.70039e-08	4.63328e-05	9.74303e-09	-4.97035e-06	
4.144	0.566517	0.566436	0.0879862	-0.00955303	0.652102	0.652194	0.000105585	-0.00299182	-1.70039e-08	4.77329e-05	9.74303e-09	-5.11907e-06	
4.145	0.566517	0.566434	0.0879862	-0.00945253	0.652102	0.652196	0.000105585	-0.00303788	-1.70039e-08	4.91489e-05	9.74303e-09	-5.26959e-06	
4.146	0.566517	0.566433	0.0879862	-0.00934976	0.652102	0.652197	0.000105585	-0.00308397	-1.70039e-08	5.05838e-05	9.74303e-09	-5.42193e-06	
4.147	0.566517	0.566432	0.0879862	-0.00924487	0.652102	0.652199	0.000105585	-0.00312988	-1.70039e-08	5.20335e-05	9.74303e-09	-5.57603e-06	
4.148	0.566517	0.566431	0.0879862	-0.00913772	0.652102	0.6522	0.000105585	-0.00317561	-1.70039e-08	5.34979e-05	9.74303e-09	-5.73188e-06	
4.149	0.566517	0.56643	0.0879862	-0.00902846	0.652102	0.652201	0.000105585	-0.00322115	-1.70039e-08	5.49772e-05	9.74303e-09	-5.88986e-06	
4.15	0.566517	0.566429	0.0879862	-0.00891694	0.652102	0.652203	0.000105585	-0.00326649	-1.70039e-08	5.64705e-05	9.74303e-09	-6.04877e-06	
4.151	0.566517	0.566428	0.0879862	-0.00880344	0.652102	0.652204	0.000105585	-0.00331165	-1.70039e-08	5.79781e-05	9.74303e-09	-6.20896e-06	
4.152	0.566517	0.566426	0.0879862	-0.00868766	0.652102	0.652205	0.000105585	-0.00335686	-1.70039e-08	5.95037e-05	9.74303e-09	-6.37168e-06	
4.153	0.566517	0.566425	0.0879862	-0.00856977	0.652102	0.652207	0.000105585	-0.00340188	-1.70039e-08	6.10429e-05	9.74303e-09	-6.53565e-06	
4.154	0.566517	0.566424	0.0879862	-0.00844975	0.652102	0.652208	0.000105585	-0.00344672	-1.70039e-08	6.25959e-05	9.74303e-09	-6.70127e-06	
4.155	0.566517	0.566423	0.0879862	-0.00832762	0.652102	0.652209	0.000105585	-0.00349137	-1.70039e-08	6.41619e-05	9.74303e-09	-6.8681e-06	
4.156	0.566517	0.566422	0.0879862	-0.00820335	0.652102	0.652211	0.000105585	-0.00353608	-1.70039e-08	6.57455e-05	9.74303e-09	-7.03742e-06	
4.157	0.566517	0.566421	0.0879862	-0.00807698	0.652102	0.652212	0.000105585	-0.00358035	-1.70039e-08	6.73375e-05	9.74303e-09	-7.20657e-06	
4.158	0.566517	0.56642	0.0879862	-0.00794847	0.652102	0.652213	0.000105585	-0.00362468	-1.70039e-08	6.89468e-05	9.74303e-09	-7.37864e-06	
4.159	0.566517	0.566419	0.0879862	-0.00781783	0.652102	0.652215	0.000105585	-0.00366884	-1.70039e-08	7.05685e-05	9.74303e-09	-7.55228e-06	
4.16	0.566517	0.566418	0.0879862	-0.00768508	0.652102	0.652216	0.000105585	-0.0037128	-1.70039e-08	7.22023e-05	9.74303e-09	-7.72702e-06	
4.161	0.566517	0.566416	0.0879862	-0.00755007	0.652102	0.652217	0.000105585	-0.00375659	-1.70039e-08	7.38475e-05	9.74303e-09	-7.9033e-06	
4.162	0.566517	0.566415	0.0879862	-0.00741308	0.652102	0.652219	0.000105585	-0.00380019	-1.70039e-08	7.5505e-05	9.74303e-09	-8.08109e-06	
4.163	0.566517	0.566414	0.0879862	-0.00727394	0.652102	0.65222	0.000105585	-0.00384384	-1.70039e-08	7.71781e-05	9.74303e-09	-8.25994e-06	
4.164	0.566517	0.566413	0.0879862	-0.00713282	0.652102	0.652221	0.000105585	-0.00388731	-1.70039e-08	7.88631e-05	9.74303e-09	-8.44027e-06	
4.165	0.566517	0.566412	0.0879862	-0.00698957	0.652102	0.652223	0.000105585	-0.00393059	-1.70039e-08	8.05587e-05	9.74303e-09	-8.62206e-06	
4.166	0.566517	0.566411	0.0879862	-0.00684434	0.652102	0.652224	0.000105585	-0.00397371	-1.70039e-08	8.2266e-05	9.74303e-09	-8.80579e-06	
4.167	0.566517	0.56641	0.0879862	-0.00669699	0.652102	0.652225	0.000105585	-0.00401662	-1.70039e-08	8.39831e-05	9.74303e-09	-8.98948e-06	
4.168	0.566517	0.566409	0.0879862	-0.00654765	0.652102	0.652227	0.000105585	-0.00405936	-1.70039e-08	8.57114e-05	9.74303e-09	-9.17507e-06	
4.169	0.566517	0.566408	0.0879862	-0.00639619	0.652102	0.652228	0.000105585	-0.00410193	-1.70039e-08	8.74498e-05	9.74303e-09	-9.36257e-06	
4.17	0.566517	0.566406	0.0879862	-0.00624287	0.652102	0.652229	0.000105585	-0.00414433	-1.70039e-08	8.91988e-05	9.74303e-09	-9.55146e-06	
4.171	0.566517	0.566405	0.0879862	-0.00608743	0.652102	0.652231	0.000105585	-0.00418653	-1.70039e-08	9.09569e-05	9.74303e-09	-9.7407e-06	
4.172	0.566517	0.566404	0.0879862	-0.00593	0.652102	0.652232	0.000105585	-0.00422855	-1.70039e-08	9.27248e-05	9.74303e-09	-9.93129e-06	
4.173	0.566517	0.566403	0.0879862	-0.00577059	0.652102	0.652233	0.000105585	-0.00427039	-1.70039e-08	9.4502e-05	9.74303e-09	-1.01227e-05	
4.174	0.566517	0.566402	0.0879862	-0.00560918	0.652102	0.652235	0.000105585	-0.00431207	-1.70039e-08	9.62883e-05	9.74303e-09	-1.03159e-05	
4.175	0.566517	0.566401	0.0879862	-0.00544578	0.652102	0.652236	0.000105585	-0.00435356	-1.70039e-08	9.80834e-05	9.74303e-09	-1.05099e-05	
4.176	0.566517	0.5664	0.0879862	-0.00528053	0.652102	0.652237	0.000105585	-0.00439486	-1.70039e-08	9.98873e-05	9.74303e-09	-1.07047e-05	
4.177	0.566517	0.566399	0.0879862	-0.00511327	0.652102	0.652239	0.000105585	-0.00443625	-1.70039e-08	0.000101705	9.74303e-09	-1.09029e-05	
4.178	0.566517	0.566397	0.0879862	-0.00494417	0.652102	0.65224	0.000105585	-0.00447721	-1.70039e-08	0.000103527	9.74303e-09	-1.11007e-05	
4.179	0.566517	0.566396	0.0879862	-0.00477295	0.652102	0.652241	0.000105585	-0.004518	-1.70039e-08	0.000105355	9.74303e-09	-1.12993e-05	
4.18	0.566517	0.566395	0.0879862	-0.00459987	0.652102	0.652243	0.000105585	-0.00455861	-1.70039e-08	0.000107192	9.74303e-09	-1.1499e-05	
4.181	0.566517	0.566394	0.0879862	-0.00442492	0.652102	0.652244	0.000105585	-0.00459927	-1.70039e-08	0.000109041	9.74303e-09	-1.17e-05	
4.182	0.566517	0.566393	0.0879862	-0.00424812	0.652102	0.652245	0.000105585	-0.00463976	-1.70039e-08	0.000110899	9.74303e-09	-1.19022e-05	
4.183	0.566517	0.566392	0.0879862	-0.00406931	0.652102	0.652247	0.000105585	-0.00468009	-1.70039e-08	0.000112764	9.74303e-09	-1.21061e-05	
4.184	0.566517	0.566391	0.0879862	-0.00388879	0.652102	0.652248	0.000105585	-0.00472022	-1.70039e-08	0.000114635	9.74303e-09	-1.23095e-05	
4.185	0.566517	0.56639	0.0879862	-0.00370628	0.652102	0.652249	0.000105585	-0.0047602	-1.70039e-08	0.000116513	9.74303e-09	-1.25146e-05	
4.186	0.566517	0.566388	0.0879862	-0.00352204	0.652102	0.65225	0.000105585	-0.0048	-1.70039e-08	0.000118399	9.74303e-09	-1.27208e-05	
4.187	0.566517	0.566387	0.0879862	-0.00333595	0.652102	0.652252	0.000105585	-0.00483962	-1.70039e-08	0.000120291	9.74303e-09	-1.29276e-05	
4.188	0.566517	0.566386	0.0879862	-0.003148	0.652102	0.652253	0.000105585	-0.00487907	-1.70039e-08	0.000122189	9.74303e-09	-1.31355e-05	
4.189	0.566517	0.566385	0.0879862	-0.00295819	0.652102	0.652254	0.000105585	-0.00491833	-1.70039e-08	0.000124092	9.74303e-09	-1.33432e-05	
4.19	0.566517	0.566384	0.0879862	-0.00276665	0.652102	0.652255	0.000105585	-0.00495744	-1.70039e-08	0.000126002	9.74303e-09	-1.35526e-05	
4.191	0.566517	0.566383	0.0879862	-0.00257326	0.652102	0.652257	0.000105585	-0.00499637	-1.70039e-08	0.000127916	9.74303e-09	-1.37631e-05	
4.192	0.566517	0.566382	0.0879862	-0.00237814	0.652102	0.652258	0.000105585	-0.00503512	-1.70039e-08	0.000129837	9.74303e-09	-1.39734e-05	
4.193	0.566517	0.566381	0.0879862	-0.0021813	0.652102	0.652259	0.000105585	-0.00507369	-1.70039e-08	0.000131762	9.74303e-09	-1.41841e-05	
4.194	0.566517	0.566379	0.0879862	-0.00198274	0.652102	0.65226	0.000105585	-0.0051121	-1.70039e-08	0.000133693	9.74303e-09	-1.43964e-05	
4.195	0.566517	0.566378	0.0879862	-0.00178232	0.652102	0.652262	0.000105585	-0.00515035	-1.70039e-08	0.000135628	9.74303e-09	-1.46098e-05	
4.196	0.566517	0.566377	0.0879862	-0.0015803	0.652102	0.652263	0.000105585	-0.00518842	-1.70039e-08	0.000137568	9.74303e-09	-1.48234e-05	
4.197	0.566517	0.566376	0.0879862	-0.00137643	0.652102	0.652264	0.000105585	-0.00522633	-1.70039e-08	0.000139513	9.74303e-09	-1.50381e-05	
4.198	0.566517	0.566375	0.0879862	-0.00117096	0.652102	0.652266	0.000105585	-0.00526407	-1.70039e-08	0.000141461	9.74303e-09	-1.5253e-05	
4.199	0.566517	0.566374	0.0879862	-0.000963773	0.652102	0.652267	0.000105585	-0.00530163	-1.70039e-08	0.000143413	9.74303e-09	-1.54689e-05	
4.2	0.566517	0.566373	0.0879862	-0.000754856	0.652102	0.652268	0.000105585	-0.00533904	-1.70039e-08	0.000145369	9.74303e-09	-1.56857e-05	
4.201	0.566517	0.566371	0.0879862	-0.000544214	0.652102	0.652269	0.000105585	-0.00537628	-1.70039e-08	0.000147329	9.74303e-09	-1.59034e-05	
4.202	0.566517	0.56637	0.0879862	-0.000331979	0.652102	0.652271	0.000105585	-0.00541336	-1.70039e-08	0.000149291	9.74303e-09	-1.61221e-05	
4.203	0.566517	0.566369	0.0879862	-0.000118286	0.652102	0.652272	0.000105585	-0.00545028	-1.70039e-08	0.000151258	9.74303e-09	-1.63417e-05	
4.204	0.566517	0.566368	0.0879862	9.71339e-05	0.652102	0.652273	0.000105585	-0.00548703	-1.70039e-08	0.000153228	9.74303e-09	-1.65614e-05	
4.205	0.566517	0.566367	0.0879862	0.000314144	0.652102	0.652275	0.000105585	-0.00552361	-1.70039e-08	0.0001552	9.74303e-09	-1.67814e-05	
4.206	0.566517	0.566366	0.0879862	0.000532881	0.652102	0.652276	0.000105585	-0.00556002	-1.70039e-08	0.000157174	9.74303e-09	-1.70022e-05	
4.207	0.566517	0.566365	0.0879862	0.000753078	0.652102	0.652277	0.000105585	-0.00559625	-1.70039e-08	0.000159151	9.74303e-09	-1.72224e-05	
4.208	0.566517	0.566363	0.0879862	0.000974867	0.652102	0.652278	0.000105585	-0.00563232	-1.70039e-08	0.000161129	9.74303e-09	-1.74427e-05	
4.209	0.566517	0.566362	0.0879862	0.00119825	0.652102	0.652279	0.000105585	-0.00566824	-1.70039e-08	0.000163111	9.74303e-09	-1.76653e-05	
4.21	0.566517	0.566361	0.0879862	0.00142309	0.652102	0.652281	0.000105585	-0.00570401	-1.70039e-08	0.000165094	9.74303e-09	-1.78887e-05	
4.211	0.566517	0.56636	0.0879862	0.00164952	0.652102	0.652282	0.000105585	-0.00573961	-1.70039e-08	0.000167079	9.74303e-09	-1.81115e-05	
4.212	0.566517	0.566359	0.0879862	0.00187755	0.652102	0.652283	0.000105585	-0.00577505	-1.70039e-08	0.000169065	9.74303e-09	-1.83357e-05	
4.213	0.566517	0.566358	0.0879862	0.00210704	0.652102	0.652285	0.000105585	-0.00581032	-1.70039e-08	0.000171052	9.74303e-09	-1.85593e-05	
4.214	0.566517	0.566357	0.0879862	0.00233798	0.652102	0.652286	0.000105585	-0.00584542	-1.70039e-08	0.000173041	9.74303e-09	-1.87829e-05	
4.215	0.566517	0.566355	0.0879862	0.00257039	0.652102	0.652287	0.000105585	-0.00588037	-1.70039e-08	0.00017503	9.74303e-09	-1.90072e-05	
4.216	0.566517	0.566354	0.0879862	0.00280425	0.652102	0.652288	0.000105585	-0.00591516	-1.70039e-08	0.00017702	9.74303e-09	-1.92323e-05	
4.217	0.566517	0.566353	0.0879862	0.00303958	0.652102	0.652289	0.000105585	-0.0059498	-1.70039e-08	0.000179011	9.74303e-09	-1.9458e-05	
4.218	0.566517	0.566352	0.0879862	0.00327637	0.652102	0.652291	0.000105585	-0.00598427	-1.70039e-08	0.000181001	9.74303e-09	-1.96838e-05	
4.219	0.566517	0.566351	0.0879862	0.00351448	0.652102	0.652292	0.000105585	-0.00601861	-1.70039e-08	0.000182993	9.74303e-09	-1.9911e-05	
4.22	0.566517	0.56635	0.0879862	0.00375405	0.652102	0.652293	0.000105585	-0.00605277	-1.70039e-08	0.000184985	9.74303e-09	-2.01373e-05	
4.221	0.566517	0.566349	0.0879862	0.00399495	0.652102	0.652294	0.000105585	-0.00608678	-1.70039e-08	0.000186976	9.74303e-09	-2.03644e-05	
4.222	0.566517	0.566348	0.0879862	0.00423731	0.652102	0.652296	0.000105585	-0.00612061	-1.70039e-08	0.000188967	9.74303e-09	-2.05905e-05	
4.223	0.566517	0.566346	0.0879862	0.004481	0.652102	0.652297	0.000105585	-0.00615428	-1.70039e-08	0.000190956	9.74303e-09	-2.08165e-05	
4.224	0.566517	0.566345	0.0879862	0.00472599	0.652102	0.652298	0.000105585	-0.00618757	-1.70039e-08	0.000192939	9.74303e-09	-2.10432e-05	
4.225	0.566517	0.566344	0.0879862	0.00497233	0.652102	0.652299	0.000105585	-0.00622094	-1.70039e-08	0.000194928	9.74303e-09	-2.12704e-05	
4.226	0.566517	0.566343	0.0879862	0.00522011	0.652102	0.6523	0.000105585	-0.00625396	-1.70039e-08	0.00019691	9.74303e-09	-2.14991e-05	
4.227	0.566517	0.566342	0.0879862	0.00546921	0.652102	0.652302	0.000105585	-0.00628683	-1.70039e-08	0.00019889	9.74303e-09	-2.17277e-05	
4.228	0.566517	0.566341	0.0879862	0.00571965	0.652102	0.652303	0.000105585	-0.00631949	-1.70039e-08	0.000200867	9.74303e-09	-2.19544e-05	
4.229	0.566517	0.566339	0.0879862	0.00597128	0.652102	0.652304	0.000105585	-0.00635204	-1.70039e-08	0.000202843	9.74303e-09	-2.21825e-05	
4.23	0.566517	0.566338	0.0879862	0.00622423	0.652102	0.652305	0.000105585	-0.00638443	-1.70039e-08	0.000204818	9.74303e-09	-2.24104e-05	
4.231	0.566517	0.566337	0.0879862	0.00647852	0.652102	0.652306	0.000105585	-0.00641667	-1.70039e-08	0.00020679	9.74303e-09	-2.26389e-05	
4.232	0.566517	0.566336	0.0879862	0.00673399	0.652102	0.652308	0.000105585	-0.00644876	-1.70039e-08	0.000208761	9.74303e-09	-2.2867e-05	
4.233	0.566517	0.566335	0.0879862	0.00699066	0.652102	0.652309	0.000105585	-0.00648071	-1.70039e-08	0.00021073	9.74303e-09	-2.30958e-05	
4.234	0.566517	0.566334	0.0879862	0.00724866	0.652102	0.65231	0.000105585	-0.00651253	-1.70039e-08	0.000212697	9.74303e-09	-2.33259e-05	
4.235	0.566517	0.566333	0.0879862	0.0075077	0.652102	0.652311	0.000105585	-0.00654392	-1.70039e-08	0.000214653	9.74303e-09	-2.35532e-05	
4.236	0.566517	0.566332	0.0879862	0.00776806	0.652102	0.652312	0.000105585	-0.0065752	-1.70039e-08	0.000216606	9.74303e-09	-2.37819e-05	
4.237	0.566517	0.566331	0.0879862	0.00802962	0.652102	0.652314	0.000105585	-0.00660633	-1.70039e-08	0.000218557	9.74303e-09	-2.40103e-05	
4.238	0.566517	0.566329	0.0879862	0.00829237	0.652102	0.652315	0.000105585	-0.0066373	-1.70039e-08	0.000220505	9.74303e-09	-2.42383e-05	
4.239	0.566517	0.566328	0.0879862	0.00855618	0.652102	0.652316	0.000105585	-0.00666813	-1.70039e-08	0.00022245	9.74303e-09	-2.44668e-05	
4.24	0.566517	0.566327	0.0879862	0.00882119	0.652102	0.652317	0.000105585	-0.00669878	-1.70039e-08	0.00022439	9.74303e-09	-2.46932e-05	
4.241	0.566517	0.566326	0.0879862	0.00908739	0.652102	0.652318	0.000105585	-0.0067293	-1.70039e-08	0.000226326	9.74303e-09	-2.49201e-05	
4.242	0.566517	0.566325	0.0879862	0.00935463	0.652102	0.652319	0.000105585	-0.00675945	-1.70039e-08	0.000228253	9.74303e-09	-2.51466e-05	
4.243	0.566517	0.566324	0.0879862	0.00962306	0.652102	0.65232	0.000105585	-0.00678945	-1.70039e-08	0.000230174	9.74303e-09	-2.53727e-05	
4.244	0.566517	0.566323	0.0879862	0.00989255	0.652102	0.652322	0.000105585	-0.00681932	-1.70039e-08	0.000232092	9.74303e-09	-2.55992e-05	
4.245	0.566517	0.566322	0.0879862	0.0101631	0.652102	0.652323	0.000105585	-0.00684905	-1.70039e-08	0.000234006	9.74303e-09	-2.58262e-05	
4.246	0.566517	0.566321	0.0879862	0.0104347	0.652102	0.652324	0.000105585	-0.00687861	-1.70039e-08	0.000235915	9.74303e-09	-2.60509e-05	
4.247	0.566517	0.56632	0.0879862	0.0107074	0.652102	0.652325	0.000105585	-0.00690807	-1.70039e-08	0.000237821	9.74303e-09	-2.62778e-05	
4.248	0.566517	0.566318	0.0879862	0.0109811	0.652102	0.652326	0.000105585	-0.00693713	-1.70039e-08	0.000239713	9.74303e-09	-2.65025e-05	
4.249	0.566517	0.566317	0.0879862	0.0112559	0.652102	0.652328	0.000105585	-0.00696606	-1.70039e-08	0.000241601	9.74303e-09	-2.67276e-05	
4.25	0.566517	0.566316	0.0879862	0.0115317	0.652102	0.652329	0.000105585	-0.00699487	-1.70039e-08	0.000243484	9.74303e-09	-2.6953e-05	
4.251	0.566517	0.566315	0.0879862	0.0118086	0.652102	0.65233	0.000105585	-0.00702352	-1.70039e-08	0.000245362	9.74303e-09	-2.71771e-05	
4.252	0.566517	0.566314	0.0879862	0.0120864	0.652102	0.652331	0.000105585	-0.00705206	-1.70039e-08	0.000247236	9.74303e-09	-2.74024e-05	
4.253	0.566517	0.566313	0.0879862	0.0123653	0.652102	0.652332	0.000105585	-0.00708043	-1.70039e-08	0.000249103	9.74303e-09	-2.76253e-05	
4.254	0.566517	0.566312	0.0879862	0.0126451	0.652102	0.652333	0.000105585	-0.00710841	-1.70039e-08	0.000250956	9.74303e-09	-2.78469e-05	
4.255	0.566517	0.566311	0.0879862	0.0129258	0.652102	0.652334	0.000105585	-0.00713628	-1.70039e-08	0.000252806	9.74303e-09	-2.80687e-05	
4.256	0.566517	0.56631	0.0879862	0.0132074	0.652102	0.652335	0.000105585	-0.00716404	-1.70039e-08	0.00025465	9.74303e-09	-2.82918e-05	
4.257	0.566517	0.566309	0.0879862	0.0134901	0.652102	0.652337	0.000105585	-0.00719165	-1.70039e-08	0.000256487	9.74303e-09	-2.85134e-05	
4.258	0.566517	0.566308	0.0879862	0.0137737	0.652102	0.652338	0.000105585	-0.0072189	-1.70039e-08	0.000258311	9.74303e-09	-2.87345e-05	
4.259	0.566517	0.566306	0.0879862	0.0140581	0.652102	0.652339	0.000105585	-0.007246	-1.70039e-08	0.000260128	9.74303e-09	-2.8954e-05	
4.26	0.566517	0.566305	0.0879862	0.0143434	0.652102	0.65234	0.000105585	-0.00727295	-1.70039e-08	0.000261938	9.74303e-09	-2.91719e-05	
4.261	0.566517	0.566304	0.0879862	0.0146297	0.652102	0.652341	0.000105585	-0.00729979	-1.70039e-08	0.000263743	9.74303e-09	-2.93911e-05	
4.262	0.566517	0.566303	0.0879862	0.0149167	0.652102	0.652342	0.000105585	-0.00732625	-1.70039e-08	0.000265532	9.74303e-09	-2.96077e-05	
4.263	0.566517	0.566302	0.0879862	0.0152046	0.652102	0.652343	0.000105585	-0.00735258	-1.70039e-08	0.000267315	9.74303e-09	-2.98237e-05	
4.264	0.566517	0.566301	0.0879862	0.0154935	0.652102	0.652344	0.000105585	-0.00737877	-1.70039e-08	0.00026909	9.74303e-09	-3.0039e-05	
4.265	0.566517	0.5663	0.0879862	0.0157831	0.652102	0.652345	0.000105585	-0.00740459	-1.70039e-08	0.00027085	9.74303e-09	-3.02527e-05	
4.266	0.566517	0.566299	0.0879862	0.0160736	0.652102	0.652346	0.000105585	-0.00743029	-1.70039e-08	0.000272603	9.74303e-09	-3.04657e-05	
4.267	0.566517	0.566298	0.0879862	0.0163649	0.652102	0.652347	0.000105585	-0.00745589	-1.70039e-08	0.000274349	9.74303e-09	-3.06799e-05	
4.268	0.566517	0.566297	0.0879862	0.0166569	0.652102	0.652348	0.000105585	-0.00748113	-1.70039e-08	0.00027608	9.74303e-09	-3.08925e-05	
4.269	0.566517	0.566296	0.0879862	0.0169498	0.652102	0.652349	0.000105585	-0.00750624	-1.70039e-08	0.000277804	9.74303e-09	-3.11043e-05	
4.27	0.566517	0.566295	0.0879862	0.0172436	0.652102	0.65235	0.000105585	-0.00753122	-1.70039e-08	0.000279519	9.74303e-09	-3.13154e-05	
4.271	0.566517	0.566294	0.0879862	0.0175379	0.652102	0.652351	0.000105585	-0.0075561	-1.70039e-08	0.000281229	9.74303e-09	-3.15267e-05	
4.272	0.566517	0.566293	0.0879862	0.0178331	0.652102	0.652353	0.000105585	-0.00758064	-1.70039e-08	0.000282922	9.74303e-09	-3.17374e-05	
4.273	0.566517	0.566292	0.0879862	0.018129	0.652102	0.652354	0.000105585	-0.00760503	-1.70039e-08	0.000284606	9.74303e-09	-3.19462e-05	
4.274	0.566517	0.566291	0.0879862	0.0184257	0.652102	0.652355	0.000105585	-0.00762906	-1.70039e-08	0.000286274	9.74303e-09	-3.21534e-05	
4.275	0.566517	0.56629	0.0879862	0.0187229	0.652102	0.652356	0.000105585	-0.00765298	-1.70039e-08	0.000287935	9.74303e-09	-3.23598e-05	
4.276	0.566517	0.566289	0.0879862	0.0190209	0.652102	0.652356	0.000105585	-0.00767672	-1.70039e-08	0.000289585	9.74303e-09	-3.25633e-05	
4.277	0.566517	0.566288	0.0879862	0.0193197	0.652102	0.652357	0.000105585	-0.00770014	-1.70039e-08	0.000291218	9.74303e-09	-3.27662e-05	
4.278	0.566517	0.566287	0.0879862	0.0196192	0.652102	0.652358	0.000105585	-0.00772347	-1.70039e-08	0.000292844	9.74303e-09	-3.29692e-05	
4.279	0.566517	0.566286	0.0879862	0.0199191	0.652102	0.652359	0.000105585	-0.00774666	-1.70039e-08	0.000294462	9.74303e-09	-3.31714e-05	
4.28	0.566517	0.566285	0.0879862	0.0202197	0.652102	0.65236	0.000105585	-0.00776971	-1.70039e-08	0.000296071	9.74303e-09	-3.33717e-05	
4.281	0.566517	0.566284	0.0879862	0.020521	0.652102	0.652361	0.000105585	-0.00779244	-1.70039e-08	0.000297663	9.74303e-09	-3.35712e-05	
4.282	0.566517	0.566283	0.0879862	0.0208229	0.652102	0.652362	0.000105585	-0.00781482	-1.70039e-08	0.000299238	9.74303e-09	-3.3769e-05	
4.283	0.566517	0.566282	0.0879862	0.0211254	0.652102	0.652363	0.000105585	-0.00783707	-1.70039e-08	0.000300803	9.74303e-09	-3.39649e-05	
4.284	0.566517	0.566281	0.0879862	0.0214286	0.652102	0.652364	0.000105585	-0.0078592	-1.70039e-08	0.00030236	9.74303e-09	-3.41599e-05	
4.285	0.566517	0.56628	0.0879862	0.0217325	0.652102	0.652365	0.000105585	-0.00788102	-1.70039e-08	0.000303899	9.74303e-09	-3.43551e-05	
4.286	0.566517	0.566279	0.0879862	0.0220368	0.652102	0.652366	0.000105585	-0.00790271	-1.70039e-08	0.000305428	9.74303e-09	-3.45484e-05	
4.287	0.566517	0.566278	0.0879862	0.0223417	0.652102	0.652367	0.000105585	-0.00792427	-1.70039e-08	0.000306948	9.74303e-09	-3.47398e-05	
4.288	0.566517	0.566277	0.0879862	0.0226472	0.652102	0.652367	0.000105585	-0.0079455	-1.70039e-08	0.000308449	9.74303e-09	-3.49303e-05	
4.289	0.566517	0.566276	0.0879862	0.0229534	0.652102	0.652368	0.000105585	-0.00796664	-1.70039e-08	0.000309942	9.74303e-09	-3.512e-05	
4.29	0.566517	0.566275	0.0879862	0.0232601	0.652102	0.652369	0.000105585	-0.00798769	-1.70039e-08	0.000311426	9.74303e-09	-3.53098e-05	
4.291	0.566517	0.566274	0.0879862	0.0235673	0.652102	0.65237	0.000105585	-0.00800835	-1.70039e-08	0.000312889	9.74303e-09	-3.54956e-05	
4.292	0.566517	0.566273	0.0879862	0.0238749	0.652102	0.652371	0.000105585	-0.00802893	-1.70039e-08	0.000314344	9.74303e-09	-3.56816e-05	
4.293	0.566517	0.566272	0.0879862	0.0241829	0.652102	0.652372	0.000105585	-0.00804921	-1.70039e-08	0.000315783	9.74303e-09	-3.58677e-05	
4.294	0.566517	0.566271	0.0879862	0.0244915	0.652102	0.652373	0.000105585	-0.00806934	-1.70039e-08	0.00031721	9.74303e-09	-3.60507e-05	
4.295	0.566517	0.56627	0.0879862	0.0248008	0.652102	0.652374	0.000105585	-0.00808911	-1.70039e-08	0.000318615	9.74303e-09	-3.62308e-05	
4.296	0.566517	0.566269	0.0879862	0.0251104	0.652102	0.652375	0.000105585	-0.00810878	-1.70039e-08	0.000320012	9.74303e-09	-3.641e-05	
4.297	0.566517	0.566268	0.0879862	0.0254205	0.652102	0.652376	0.000105585	-0.00812811	-1.70039e-08	0.00032139	9.74303e-09	-3.65872e-05	
4.298	0.566517	0.566268	0.0879862	0.025731	0.652102	0.652377	0.000105585	-0.00814738	-1.70039e-08	0.000322759	9.74303e-09	-3.67645e-05	
4.299	0.566517	0.566267	0.0879862	0.026042	0.652102	0.652377	0.000105585	-0.00816655	-1.70039e-08	0.000324117	9.74303e-09	-3.69409e-05	
4.3	0.566517	0.566266	0.0879862	0.0263534	0.652102	0.652378	0.000105585	-0.00818534	-1.70039e-08	0.000325455	9.74303e-09	-3.71131e-05	
4.301	0.566517	0.566265	0.0879862	0.0266651	0.652102	0.652379	0.000105585	-0.00820382	-1.70039e-08	0.000326775	9.74303e-09	-3.72845e-05	
4.302	0.566517	0.566264	0.0879862	0.0269773	0.652102	0.65238	0.000105585	-0.00822219	-1.70039e-08	0.000328084	9.74303e-09	-3.74538e-05	
4.303	0.566517	0.566263	0.0879862	0.0272898	0.652102	0.652381	0.000105585	-0.00824025	-1.70039e-08	0.000329374	9.74303e-09	-3.76223e-05	
4.304	0.566517	0.566262	0.0879862	0.0276026	0.652102	0.652382	0.000105585	-0.00825823	-1.70039e-08	0.000330654	9.74303e-09	-3.77897e-05	
4.305	0.566517	0.566261	0.0879862	0.0279159	0.652102	0.652382	0.000105585	-0.00827586	-1.70039e-08	0.000331913	9.74303e-09	-3.79541e-05	
4.306	0.566517	0.566261	0.0879862	0.0282295	0.652102	0.652383	0.000105585	-0.0082934	-1.70039e-08	0.000333163	9.74303e-09	-3.81185e-05	
4.307	0.566517	0.56626	0.0879862	0.0285435	0.652102	0.652384	0.000105585	-0.00831058	-1.70039e-08	0.000334391	9.74303e-09	-3.82787e-05	
4.308	0.566517	0.566259	0.0879862	0.0288578	0.652102	0.652385	0.000105585	-0.00832772	-1.70039e-08	0.000335611	9.74303e-09	-3.84402e-05	
4.309	0.566517	0.566258	0.0879862	0.0291724	0.652102	0.652386	0.000105585	-0.00834455	-1.70039e-08	0.000336811	9.74303e-09	-3.85996e-05	
4.31	0.566517	0.566257	0.0879862	0.0294874	0.652102	0.652387	0.000105585	-0.00836103	-1.70039e-08	0.00033799	9.74303e-09	-3.87559e-05	
4.311	0.566517	0.566256	0.0879862	0.0298026	0.652102	0.652387	0.000105585	-0.00837742	-1.70039e-08	0.000339158	9.74303e-09	-3.89113e-05	
4.312	0.566517	0.566255	0.0879862	0.030118	0.652102	0.652388	0.000105585	-0.00839351	-1.70039e-08	0.000340306	9.74303e-09	-3.90646e-05	
4.313	0.566517	0.566255	0.0879862	0.0304338	0.652102	0.652389	0.000105585	-0.00840948	-1.70039e-08	0.000341444	9.74303e-09	-3.92157e-05	
4.314	0.566517	0.566254	0.0879862	0.0307499	0.652102	0.65239	0.000105585	-0.00842509	-1.70039e-08	0.000342559	9.74303e-09	-3.93626e-05	
4.315	0.566517	0.566253	0.0879862	0.0310662	0.652102	0.65239	0.000105585	-0.00844071	-1.70039e-08	0.000343667	9.74303e-09	-3.95119e-05	
4.316	0.566517	0.566252	0.0879862	0.0313828	0.652102	0.652391	0.000105585	-0.008456	-1.70039e-08	0.000344753	9.74303e-09	-3.9658e-05	
4.317	0.566517	0.566252	0.0879862	0.0316997	0.652102	0.652392	0.000105585	-0.00847091	-1.70039e-08	0.000345816	9.74303e-09	-3.97999e-05	
4.318	0.566517	0.566251	0.0879862	0.0320166	0.652102	0.652392	0.000105585	-0.00848576	-1.70039e-08	0.000346869	9.74303e-09	-3.99406e-05	
4.319	0.566517	0.56625	0.0879862	0.0323339	0.652102	0.652393	0.000105585	-0.00850033	-1.70039e-08	0.000347904	9.74303e-09	-4.00806e-05	
4.32	0.566517	0.566249	0.0879862	0.0326513	0.652102	0.652394	0.000105585	-0.00851481	-1.70039e-08	0.000348927	9.74303e-09	-4.02194e-05	
4.321	0.566517	0.566248	0.0879862	0.032969	0.652102	0.652395	0.000105585	-0.00852899	-1.70039e-08	0.000349929	9.74303e-09	-4.03561e-05	
4.322	0.566517	0.566248	0.0879862	0.0332867	0.652102	0.652395	0.000105585	-0.00854281	-1.70039e-08	0.000350909	9.74303e-09	-4.04886e-05	
4.323	0.566517	0.566247	0.0879862	0.0336046	0.652102	0.652396	0.000105585	-0.00855662	-1.70039e-08	0.000351881	9.74303e-09	-4.06223e-05	
4.324	0.566517	0.566246	0.0879862	0.0339227	0.652102	0.652397	0.000105585	-0.00857011	-1.70039e-08	0.000352832	9.74303e-09	-4.07528e-05	
4.325	0.566517	0.566246	0.0879862	0.034241	0.652102	0.652397	0.000105585	-0.00858324	-1.70039e-08	0.00035376	9.74303e-09	-4.08791e-05	
4.326	0.566517	0.566245	0.0879862	0.0345593	0.652102	0.652398	0.000105585	-0.00859608	-1.70039e-08	0.000354668	9.74303e-09	-4.10032e-05	
4.327	0.566517	0.566244	0.0879862	0.0348778	0.652102	0.652398	0.000105585	-0.00860889	-1.70039e-08	0.000355565	9.74303e-09	-4.11275e-05	
4.328	0.566517	0.566243	0.0879862	0.0351964	0.652102	0.652399	0.000105585	-0.00862139	-1.70039e-08	0.000356442	9.74303e-09	-4.12497e-05	
4.329	0.566517	0.566243	0.0879862	0.0355151	0.652102	0.6524	0.000105585	-0.00863354	-1.70039e-08	0.000357296	9.74303e-09	-4.13675e-05	
4.33	0.566517	0.566242	0.0879862	0.0358338	0.652102	0.6524	0.000105585	-0.00864569	-1.70039e-08	0.000358142	9.74303e-09	-4.14867e-05	
4.331	0.566517	0.566241	0.0879862	0.0361527	0.652102	0.652401	0.000105585	-0.00865753	-1.70039e-08	0.000358967	9.74303e-09	-4.16026e-05	
4.332	0.566517	0.566241	0.0879862	0.0364717	0.652102	0.652402	0.000105585	-0.00866903	-1.70039e-08	0.000359768	9.74303e-09	-4.17142e-05	
4.333	0.566517	0.56624	0.0879862	0.0367906	0.652102	0.652402	0.000105585	-0.00868047	-1.70039e-08	0.000360561	9.74303e-09	-4.18248e-05	
4.334	0.566517	0.566239	0.0879862	0.0371096	0.652102	0.652403	0.000105585	-0.00869162	-1.70039e-08	0.000361332	9.74303e-09	-4.19333e-05	
4.335	0.566517	0.566239	0.0879862	0.0374287	0.652102	0.652403	0.000105585	-0.00870248	-1.70039e-08	0.000362082	9.74303e-09	-4.20397e-05	
4.336	0.566517	0.566238	0.0879862	0.0377478	0.652102	0.652404	0.000105585	-0.008713	-1.70039e-08	0.00036281	9.74303e-09	-4.21418e-05	
4.337	0.566517	0.566238	0.0879862	0.0380669	0.652102	0.652404	0.000105585	-0.00872352	-1.70039e-08	0.000363529	9.74303e-09	-4.2244e-05	
4.338	0.566517	0.566237	0.0879862	0.038386	0.652102	0.652405	0.000105585	-0.00873373	-1.70039e-08	0.000364226	9.74303e-09	-4.23431e-05	
4.339	0.566517	0.566236	0.0879862	0.038705	0.652102	0.652405	0.000105585	-0.00874364	-1.70039e-08	0.000364903	9.74303e-09	-4.244e-05	
4.34	0.566517	0.566236	0.0879862	0.039024	0.652102	0.652406	0.000105585	-0.00875328	-1.70039e-08	0.00036556	9.74303e-09	-4.2535e-05	
4.341	0.566517	0.566235	0.0879862	0.0393431	0.652102	0.652406	0.000105585	-0.00876286	-1.70039e-08	0.000366205	9.74303e-09	-4.26278e-05	
4.342	0.566517	0.566235	0.0879862	0.0396621	0.652102	0.652407	0.000105585	-0.0087722	-1.70039e-08	0.00036683	9.74303e-09	-4.27197e-05	
4.343	0.566517	0.566234	0.0879862	0.0399811	0.652102	0.652408	0.000105585	-0.00878126	-1.70039e-08	0.000367435	9.74303e-09	-4.28096e-05	
4.344	0.566517	0.566233	0.0879862	0.0403	0.652102	0.652408	0.000105585	-0.00878999	-1.70039e-08	0.000368018	9.74303e-09	-4.28952e-05	
4.345	0.566517	0.566233	0.0879862	0.0406188	0.652102	0.652409	0.000105585	-0.00879845	-1.70039e-08	0.000368582	9.74303e-09	-4.29788e-05	
4.346	0.566517	0.566232	0.0879862	0.0409375	0.652102	0.652409	0.000105585	-0.00880687	-1.70039e-08	0.000369133	9.74303e-09	-4.30613e-05	
4.347	0.566517	0.566232	0.0879862	0.0412561	0.652102	0.652409	0.000105585	-0.00881497	-1.70039e-08	0.000369662	9.74303e-09	-4.31394e-05	
4.348	0.566517	0.566231	0.0879862	0.0415747	0.652102	0.65241	0.000105585	-0.00882281	-1.70039e-08	0.000370171	9.74303e-09	-4.32156e-05	
4.349	0.566517	0.566231	0.0879862	0.0418932	0.652102	0.65241	0.000105585	-0.00883041	-1.70039e-08	0.000370661	9.74303e-09	-4.32909e-05	
4.35	0.566517	0.56623	0.0879862	0.0422116	0.652102	0.652411	0.000105585	-0.00883796	-1.70039e-08	0.000371141	9.74303e-09	-4.33642e-05	
4.351	0.566517	0.56623	0.0879862	0.0425297	0.652102	0.652411	0.000105585	-0.00884523	-1.70039e-08	0.000371599	9.74303e-09	-4.34353e-05	
4.352	0.566517	0.566229	0.0879862	0.0428478	0.652102	0.652412	0.000105585	-0.00885196	-1.70039e-08	0.000372025	9.74303e-09	-4.35012e-05	
4.353	0.566517	0.566229	0.0879862	0.0431657	0.652102	0.652412	0.000105585	-0.00885871	-1.70039e-08	0.000372443	9.74303e-09	-4.35673e-05	
4.354	0.566517	0.566228	0.0879862	0.0434834	0.652102	0.652413	0.000105585	-0.00886519	-1.70039e-08	0.000372842	9.74303e-09	-4.36314e-05	
4.355	0.566517	0.566228	0.0879862	0.0438009	0.652102	0.652413	0.000105585	-0.00887143	-1.70039e-08	0.000373221	9.74303e-09	-4.36936e-05	
4.356	0.566517	0.566227	0.0879862	0.0441184	0.652102	0.652413	0.000105585	-0.00887734	-1.70039e-08	0.000373576	9.74303e-09	-4.37514e-05	
4.357	0.566517	0.566227	0.0879862	0.0444356	0.652102	0.652414	0.000105585	-0.00888295	-1.70039e-08	0.000373909	9.74303e-09	-4.38049e-05	
4.358	0.566517	0.566226	0.0879862	0.0447526	0.652102	0.652414	0.000105585	-0.00888836	-1.70039e-08	0.000374226	9.74303e-09	-4.38588e-05	
4.359	0.566517	0.566226	0.0879862	0.0450693	0.652102	0.652414	0.000105585	-0.00889348	-1.70039e-08	0.000374522	9.74303e-09	-4.39085e-05	
4.36	0.566517	0.566225	0.0879862	0.0453858	0.652102	0.652415	0.000105585	-0.0088983	-1.70039e-08	0.000374795	9.74303e-09	-4.39549e-05	
4.361	0.566517	0.566225	0.0879862	0.0457021	0.652102	0.652415	0.000105585	-0.00890316	-1.70039e-08	0.000375061	9.74303e-09	-4.40017e-05	
4.362	0.566517	0.566225	0.0879862	0.0460182	0.652102	0.652416	0.000105585	-0.00890778	-1.70039e-08	0.000375307	9.74303e-09	-4.40466e-05	
4.363	0.566517	0.566224	0.0879862	0.046334	0.652102	0.652416	0.000105585	-0.00891213	-1.70039e-08	0.000375534	9.74303e-09	-4.40885e-05	
4.364	0.566517	0.566224	0.0879862	0.0466496	0.652102	0.652416	0.000105585	-0.00891621	-1.70039e-08	0.000375738	9.74303e-09	-4.41272e-05	
4.365	0.566517	0.566223	0.0879862	0.0469648	0.652102	0.652416	0.000105585	-0.00892003	-1.70039e-08	0.000375924	9.74303e-09	-4.4164e-05	
4.366	0.566517	0.566223	0.0879862	0.0472798	0.652102	0.652417	0.000105585	-0.00892361	-1.70039e-08	0.00037609	9.74303e-09	-4.41978e-05	
4.367	0.566517	0.566223	0.0879862	0.0475945	0.652102	0.652417	0.000105585	-0.00892694	-1.70039e-08	0.000376236	9.74303e-09	-4.42297e-05	
4.368	0.566517	0.566222	0.0879862	0.0479087	0.652102	0.652417	0.000105585	-0.00893004	-1.70039e-08	0.000376365	9.74303e-09	-4.42597e-05	
4.369	0.566517	0.566222	0.0879862	0.0482228	0.652102	0.652418	0.000105585	-0.00893289	-1.70039e-08	0.000376472	9.74303e-09	-4.42867e-05	
4.37	0.566517	0.566222	0.0879862	0.0485365	0.652102	0.652418	0.000105585	-0.0089355	-1.70039e-08	0.000376561	9.74303e-09	-4.43119e-05	
4.371	0.566517	0.566221	0.0879862	0.0488499	0.652102	0.652418	0.000105585	-0.00893785	-1.70039e-08	0.000376631	9.74303e-09	-4.4334e-05	
4.372	0.566517	0.566221	0.0879862	0.0491628	0.652102	0.652418	0.000105585	-0.00893993	-1.70039e-08	0.00037668	9.74303e-09	-4.4353e-05	
4.373	0.566517	0.566221	0.0879862	0.0494754	0.652102	0.652419	0.000105585	-0.00894174	-1.70039e-08	0.000376708	9.74303e-09	-4.43679e-05	
4.374	0.566517	0.56622	0.0879862	0.0497878	0.652102	0.652419	0.000105585	-0.00894332	-1.70039e-08	0.000376717	9.74303e-09	-4.43809e-05	
4.375	0.566517	0.56622	0.0879862	0.0500996	0.652102	0.652419	0.000105585	-0.00894468	-1.70039e-08	0.000376708	9.74303e-09	-4.43922e-05	
4.376	0.566517	0.56622	0.0879862	0.050411	0.652102	0.652419	0.000105585	-0.00894581	-1.70039e-08	0.000376681	9.74303e-09	-4.44017e-05	
4.377	0.566517	0.566219	0.0879862	0.0507221	0.652102	0.65242	0.000105585	-0.00894677	-1.70039e-08	0.000376638	9.74303e-09	-4.44107e-05	
4.378	0.566517	0.566219	0.0879862	0.0510328	0.652102	0.65242	0.000105585	-0.00894743	-1.70039e-08	0.000376573	9.74303e-09	-4.44154e-05	
4.379	0.566517	0.566219	0.0879862	0.0513429	0.652102	0.65242	0.000105585	-0.00894757	-1.70039e-08	0.000376478	9.74303e-09	-4.4415e-05	
4.38	0.566517	0.566218	0.0879862	0.0516528	0.652102	0.65242	0.000105585	-0.00894777	-1.70039e-08	0.000376375	9.74303e-09	-4.4415e-05	
4.381	0.566517	0.566218	0.0879862	0.0519622	0.652102	0.65242	0.000105585	-0.00894779	-1.70039e-08	0.000376257	9.74303e-09	-4.44135e-05	
4.382	0.566517	0.566218	0.0879862	0.0522711	0.652102	0.65242	0.000105585	-0.00894752	-1.70039e-08	0.000376117	9.74303e-09	-4.44078e-05	
4.383	0.566517	0.566218	0.0879862	0.0525795	0.652102	0.65242	0.000105585	-0.00894682	-1.70039e-08	0.00037595	9.74303e-09	-4.43994e-05	
4.384	0.566517	0.566218	0.0879862	0.0528874	0.652102	0.652421	0.000105585	-0.00894588	-1.70039e-08	0.000375765	9.74303e-09	-4.43892e-05	
4.385	0.566517	0.566217	0.0879862	0.0531948	0.652102	0.652421	0.000105585	-0.00894466	-1.70039e-08	0.00037556	9.74303e-09	-4.4375e-05	
4.386	0.566517	0.566217	0.0879862	0.0535017	0.652102	0.652421	0.000105585	-0.00894332	-1.70039e-08	0.000375341	9.74303e-09	-4.43615e-05	
4.387	0.566517	0.566217	0.0879862	0.0538082	0.652102	0.652421	0.000105585	-0.00894171	-1.70039e-08	0.000375102	9.74303e-09	-4.4344e-05	
4.388	0.566517	0.566217	0.0879862	0.0541143	0.652102	0.652421	0.000105585	-0.00893983	-1.70039e-08	0.000374842	9.74303e-09	-4.43224e-05	
4.389	0.566517	0.566216	0.0879862	0.0544198	0.652102	0.652421	0.000105585	-0.00893776	-1.70039e-08	0.000374566	9.74303e-09	-4.42992e-05	
4.39	0.566517	0.566216	0.0879862	0.0547247	0.652102	0.652421	0.000105585	-0.00893553	-1.70039e-08	0.000374274	9.74303e-09	-4.42756e-05	
4.391	0.566517	0.566216	0.0879862	0.0550291	0.652102	0.652422	0.000105585	-0.00893308	-1.70039e-08	0.000373965	9.74303e-09	-4.42493e-05	
4.392	0.566517	0.566216	0.0879862	0.0553328	0.652102	0.652422	0.000105585	-0.00893034	-1.70039e-08	0.000373635	9.74303e-09	-4.42189e-05	
4.393	0.566517	0.566216	0.0879862	0.0556362	0.652102	0.652422	0.000105585	-0.00892745	-1.70039e-08	0.00037329	9.74303e-09	-4.41881e-05	
4.394	0.566517	0.566216	0.0879862	0.0559389	0.652102	0.652422	0.000105585	-0.00892407	-1.70039e-08	0.000372916	9.74303e-09	-4.41524e-05	
4.395	0.566517	0.566216	0.0879862	0.0562412	0.652102	0.652422	0.000105585	-0.00892048	-1.70039e-08	0.000372525	9.74303e-09	-4.41151e-05	
4.396	0.566517	0.566215	0.0879862	0.0565427	0.652102	0.652422	0.000105585	-0.00891675	-1.70039e-08	0.000372121	9.74303e-09	-4.40775e-05	
4.397	0.566517	0.566215	0.0879862	0.0568435	0.652102	0.652422	0.000105585	-0.00891273	-1.70039e-08	0.000371696	9.74303e-09	-4.40348e-05	
4.398	0.566517	0.566215	0.0879862	0.0571439	0.652102	0.652422	0.000105585	-0.00890863	-1.70039e-08	0.000371259	9.74303e-09	-4.39943e-05	
4.399	0.566517	0.566215	0.0879862	0.0574435	0.652102	0.652422	0.000105585	-0.00890427	-1.70039e-08	0.000370804	9.74303e-09	-4.39498e-05	
4.4	0.566517	0.566215	0.0879862	0.0577426	0.652102	0.652422	0.000105585	-0.00889968	-1.70039e-08	0.000370329	9.74303e-09	-4.39025e-05	
4.401	0.566517	0.566215	0.0879862	0.0580409	0.652102	0.652422	0.000105585	-0.0088946	-1.70039e-08	0.000369828	9.74303e-09	-4.38505e-05	
4.402	0.566517	0.566215	0.0879862	0.0583387	0.652102	0.652422	0.000105585	-0.00888934	-1.70039e-08	0.000369311	9.74303e-09	-4.37969e-05	
4.403	0.566517	0.566215	0.0879862	0.0586357	0.652102	0.652422	0.000105585	-0.00888387	-1.70039e-08	0.000368777	9.74303e-09	-4.37407e-05	
4.404	0.566517	0.566215	0.0879862	0.0589321	0.652102	0.652422	0.000105585	-0.00887821	-1.70039e-08	0.000368227	9.74303e-09	-4.36831e-05	
4.405	0.566517	0.566215	0.0879862	0.0592278	0.652102	0.652421	0.000105585	-0.00887235	-1.70039e-08	0.000367662	9.74303e-09	-4.36229e-05	
4.406	0.566517	0.566215	0.0879862	0.0595228	0.652102	0.652421	0.000105585	-0.00886631	-1.70039e-08	0.000367081	9.74303e-09	-4.35613e-05	
4.407	0.566517	0.566215	0.0879862	0.0598171	0.652102	0.652421	0.000105585	-0.00886008	-1.70039e-08	0.000366485	9.74303e-09	-4.34983e-05	
4.408	0.566517	0.566215	0.0879862	0.0601107	0.652102	0.652421	0.000105585	-0.00885358	-1.70039e-08	0.00036587	9.74303e-09	-4.34303e-05	
4.409	0.566517	0.566215	0.0879862	0.0604036	0.652102	0.652421	0.000105585	-0.00884689	-1.70039e-08	0.00036524	9.74303e-09	-4.3361e-05	
4.41	0.566517	0.566215	0.0879862	0.0606957	0.652102	0.652421	0.000105585	-0.00883976	-1.70039e-08	0.000364584	9.74303e-09	-4.3288e-05	
4.411	0.566517	0.566215	0.0879862	0.0609871	0.652102	0.652421	0.000105585	-0.00883252	-1.70039e-08	0.000363916	9.74303e-09	-4.32162e-05	
4.412	0.566517	0.566215	0.0879862	0.0612779	0.652102	0.652421	0.000105585	-0.00882506	-1.70039e-08	0.000363231	9.74303e-09	-4.31408e-05	
4.413	0.566517	0.566215	0.0879862	0.0615677	0.652102	0.652421	0.000105585	-0.00881739	-1.70039e-08	0.000362531	9.74303e-09	-4.30628e-05	
4.414	0.566517	0.566215	0.0879862	0.0618569	0.652102	0.652421	0.000105585	-0.00880951	-1.70039e-08	0.000361814	9.74303e-09	-4.29823e-05	
4.415	0.566517	0.566215	0.0879862	0.0621452	0.652102	0.652421	0.000105585	-0.0088013	-1.70039e-08	0.000361078	9.74303e-09	-4.2902e-05	
4.416	0.566517	0.566215	0.0879862	0.0624327	0.652102	0.65242	0.000105585	-0.00879288	-1.70039e-08	0.000360325	9.74303e-09	-4.28193e-05	
4.417	0.566517	0.566215	0.0879862	0.0627194	0.652102	0.65242	0.000105585	-0.00878425	-1.70039e-08	0.000359558	9.74303e-09	-4.2734e-05	
4.418	0.566517	0.566215	0.0879862	0.0630054	0.652102	0.65242	0.000105585	-0.00877518	-1.70039e-08	0.000358765	9.74303e-09	-4.26454e-05	
4.419	0.566517	0.566215	0.0879862	0.0632905	0.652102	0.65242	0.000105585	-0.00876586	-1.70039e-08	0.000357954	9.74303e-09	-4.25531e-05	
4.42	0.566517	0.566215	0.0879862	0.0635748	0.652102	0.652419	0.000105585	-0.00875638	-1.70039e-08	0.000357131	9.74303e-09	-4.24596e-05	
4.421	0.566517	0.566216	0.0879862	0.0638581	0.652102	0.652419	0.000105585	-0.00874678	-1.70039e-08	0.000356296	9.74303e-09	-4.23662e-05	
4.422	0.566517	0.566216	0.0879862	0.0641407	0.652102	0.652419	0.000105585	-0.00873694	-1.70039e-08	0.000355445	9.74303e-09	-4.22692e-05	
4.423	0.566517	0.566216	0.0879862	0.0644224	0.652102	0.652419	0.000105585	-0.00872691	-1.70039e-08	0.000354579	9.74303e-09	-4.21709e-05	
4.424	0.566517	0.566216	0.0879862	0.0647033	0.652102	0.652419	0.000105585	-0.00871663	-1.70039e-08	0.000353697	9.74303e-09	-4.20691e-05	
4.425	0.566517	0.566216	0.0879862	0.0649833	0.652102	0.652418	0.000105585	-0.0087062	-1.70039e-08	0.0003528	9.74303e-09	-4.19661e-05	
4.426	0.566517	0.566216	0.0879862	0.0652624	0.652102	0.652418	0.000105585	-0.00869534	-1.70039e-08	0.000351881	9.74303e-09	-4.18599e-05	
4.427	0.566517	0.566216	0.0879862	0.0655404	0.652102	0.652418	0.000105585	-0.00868424	-1.70039e-08	0.000350947	9.74303e-09	-4.17513e-05	
4.428	0.566517	0.566217	0.0879862	0.0658176	0.652102	0.652417	0.000105585	-0.00867295	-1.70039e-08	0.00035	9.74303e-09	-4.16404e-05	
4.429	0.566517	0.566217	0.0879862	0.066094	0.652102	0.652417	0.000105585	-0.00866151	-1.70039e-08	0.000349039	9.74303e-09	-4.15285e-05	
4.43	0.566517	0.566217	0.0879862	0.0663693	0.652102	0.652417	0.000105585	-0.00864989	-1.70039e-08	0.000348065	9.74303e-09	-4.14154e-05	
4.431	0.566517	0.566217	0.0879862	0.0666438	0.652102	0.652416	0.000105585	-0.00863807	-1.70039e-08	0.000347077	9.74303e-09	-4.13001e-05	
4.432	0.566517	0.566217	0.0879862	0.0669173	0.652102	0.652416	0.000105585	-0.00862603	-1.70039e-08	0.000346075	9.74303e-09	-4.11824e-05	
4.433	0.566517	0.566218	0.0879862	0.0671898	0.652102	0.652416	0.000105585	-0.00861384	-1.70039e-08	0.000345061	9.74303e-09	-4.10638e-05	
4.434	0.566517	0.566218	0.0879862	0.0674615	0.652102	0.652416	0.000105585	-0.00860148	-1.70039e-08	0.000344034	9.74303e-09	-4.09442e-05	
4.435	0.566517	0.566218	0.0879862	0.067732	0.652102	0.652415	0.000105585	-0.00858869	-1.70039e-08	0.000342985	9.74303e-09	-4.08224e-05	
4.436	0.566517	0.566218	0.0879862	0.0680015	0.652102	0.652415	0.000105585	-0.00857571	-1.70039e-08	0.000341923	9.74303e-09	-4.06986e-05	
4.437	0.566517	0.566219	0.0879862	0.0682701	0.652102	0.652415	0.000105585	-0.00856252	-1.70039e-08	0.000340846	9.74303e-09	-4.05725e-05	
4.438	0.566517	0.566219	0.0879862	0.0685377	0.652102	0.652414	0.000105585	-0.00854919	-1.70039e-08	0.000339759	9.74303e-09	-4.04465e-05	
4.439	0.566517	0.566219	0.0879862	0.0688042	0.652102	0.652414	0.000105585	-0.00853554	-1.70039e-08	0.000338655	9.74303e-09	-4.03159e-05	
4.44	0.566517	0.566219	0.0879862	0.0690697	0.652102	0.652414	0.000105585	-0.0085218	-1.70039e-08	0.000337543	9.74303e-09	-4.01856e-05	
4.441	0.566517	0.56622	0.0879862	0.0693341	0.652102	0.652413	0.000105585	-0.00850784	-1.70039e-08	0.000336416	9.74303e-09	-4.00532e-05	
4.442	0.566517	0.56622	0.0879862	0.0695976	0.652102	0.652413	0.000105585	-0.00849366	-1.70039e-08	0.000335276	9.74303e-09	-3.99185e-05	
4.443	0.566517	0.56622	0.0879862	0.0698598	0.652102	0.652412	0.000105585	-0.00847907	-1.70039e-08	0.000334116	9.74303e-09	-3.9782e-05	
4.444	0.566517	0.566221	0.0879862	0.0701212	0.652102	0.652412	0.000105585	-0.00846416	-1.70039e-08	0.000332937	9.74303e-09	-3.96409e-05	
4.445	0.566517	0.566221	0.0879862	0.0703814	0.652102	0.652411	0.000105585	-0.00844936	-1.70039e-08	0.000331758	9.74303e-09	-3.9501e-05	
4.446	0.566517	0.566221	0.0879862	0.0706405	0.652102	0.652411	0.000105585	-0.00843438	-1.70039e-08	0.000330568	9.74303e-09	-3.93602e-05	
4.447	0.566517	0.566222	0.0879862	0.0708986	0.652102	0.65241	0.000105585	-0.00841922	-1.70039e-08	0.000329366	9.74303e-09	-3.92184e-05	
4.448	0.566517	0.566222	0.0879862	0.0711554	0.652102	0.65241	0.000105585	-0.00840357	-1.70039e-08	0.00032814	9.74303e-09	-3.90724e-05	
4.449	0.566517	0.566222	0.0879862	0.0714113	0.652102	0.65241	0.000105585	-0.00838773	-1.70039e-08	0.000326903	9.74303e-09	-3.89266e-05	
4.45	0.566517	0.566223	0.0879862	0.0716659	0.652102	0.652409	0.000105585	-0.00837167	-1.70039e-08	0.000325654	9.74303e-09	-3.87787e-05	
4.451	0.566517	0.566223	0.0879862	0.0719194	0.652102	0.652409	0.000105585	-0.00835535	-1.70039e-08	0.000324389	9.74303e-09	-3.86276e-05	
4.452	0.566517	0.566223	0.0879862	0.0721718	0.652102	0.652408	0.000105585	-0.00833904	-1.70039e-08	0.000323122	9.74303e-09	-3.84753e-05	
4.453	0.566517	0.566224	0.0879862	0.072423	0.652102	0.652408	0.000105585	-0.0083226	-1.70039e-08	0.000321847	9.74303e-09	-3.83243e-05	
4.454	0.566517	0.566224	0.0879862	0.0726732	0.652102	0.652407	0.000105585	-0.00830594	-1.70039e-08	0.000320558	9.74303e-09	-3.81714e-05	
4.455	0.566517	0.566225	0.0879862	0.072922	0.652102	0.652407	0.000105585	-0.00828905	-1.70039e-08	0.000319257	9.74303e-09	-3.80164e-05	
4.456	0.566517	0.566225	0.0879862	0.0731697	0.652102	0.652406	0.000105585	-0.00827193	-1.70039e-08	0.000317945	9.74303e-09	-3.78605e-05	
4.457	0.566517	0.566225	0.0879862	0.0734162	0.652102	0.652406	0.000105585	-0.00825455	-1.70039e-08	0.000316618	9.74303e-09	-3.77024e-05	
4.458	0.566517	0.566226	0.0879862	0.0736616	0.652102	0.652405	0.000105585	-0.00823694	-1.70039e-08	0.000315278	9.74303e-09	-3.75423e-05	
4.459	0.566517	0.566226	0.0879862	0.0739057	0.652102	0.652405	0.000105585	-0.0082191	-1.70039e-08	0.000313928	9.74303e-09	-3.73812e-05	
4.46	0.566517	0.566227	0.0879862	0.0741485	0.652102	0.652404	0.000105585	-0.00820108	-1.70039e-08	0.000312569	9.74303e-09	-3.72194e-05	
4.461	0.566517	0.566227	0.0879862	0.07439	0.652102	0.652404	0.000105585	-0.00818279	-1.70039e-08	0.000311196	9.74303e-09	-3.70555e-05	
4.462	0.566517	0.566227	0.0879862	0.0746305	0.652102	0.652403	0.000105585	-0.0081645	-1.70039e-08	0.000309819	9.74303e-09	-3.68915e-05	
4.463	0.566517	0.566228	0.0879862	0.0748695	0.652102	0.652403	0.000105585	-0.00814598	-1.70039e-08	0.000308431	9.74303e-09	-3.67266e-05	
4.464	0.566517	0.566228	0.0879862	0.0751074	0.652102	0.652402	0.000105585	-0.00812713	-1.70039e-08	0.000307028	9.74303e-09	-3.65574e-05	
4.465	0.566517	0.566229	0.0879862	0.075344	0.652102	0.652402	0.000105585	-0.0081081	-1.70039e-08	0.000305615	9.74303e-09	-3.63885e-05	
4.466	0.566517	0.566229	0.0879862	0.0755793	0.652102	0.652401	0.000105585	-0.00808888	-1.70039e-08	0.000304192	9.74303e-09	-3.62199e-05	
4.467	0.566517	0.56623	0.0879862	0.0758131	0.652102	0.6524	0.000105585	-0.00806927	-1.70039e-08	0.000302754	9.74303e-09	-3.60468e-05	
4.468	0.566517	0.56623	0.0879862	0.0760457	0.652102	0.6524	0.000105585	-0.00804966	-1.70039e-08	0.000301314	9.74303e-09	-3.58738e-05	
4.469	0.566517	0.566231	0.0879862	0.0762771	0.652102	0.652399	0.000105585	-0.00802986	-1.70039e-08	0.000299863	9.74303e-09	-3.5701e-05	
4.47	0.566517	0.566231	0.0879862	0.0765071	0.652102	0.652399	0.000105585	-0.00801001	-1.70039e-08	0.00029841	9.74303e-09	-3.5527e-05	
4.471	0.566517	0.566232	0.0879862	0.0767357	0.652102	0.652398	0.000105585	-0.00798985	-1.70039e-08	0.000296943	9.74303e-09	-3.5351e-05	
4.472	0.566517	0.566233	0.0879862	0.0769629	0.652102	0.652397	0.000105585	-0.00796964	-1.70039e-08	0.000295472	9.74303e-09	-3.51738e-05	
4.473	0.566517	0.566233	0.0879862	0.077189	0.652102	0.652397	0.000105585	-0.00794909	-1.70039e-08	0.000293986	9.74303e-09	-3.49945e-05	
4.474	0.566517	0.566234	0.0879862	0.0774136	0.652102	0.652396	0.000105585	-0.00792832	-1.70039e-08	0.000292492	9.74303e-09	-3.48153e-05	
4.475	0.566517	0.566234	0.0879862	0.0776368	0.652102	0.652395	0.000105585	-0.00790745	-1.70039e-08	0.000290992	9.74303e-09	-3.4634e-05	
4.476	0.566517	0.566235	0.0879862	0.0778587	0.652102	0.652394	0.000105585	-0.00788627	-1.70039e-08	0.000289478	9.74303e-09	-3.44515e-05	
4.477	0.566517	0.566235	0.0879862	0.0780791	0.652102	0.652394	0.000105585	-0.00786515	-1.70039e-08	0.000287968	9.74303e-09	-3.42713e-05	
4.478	0.566517	0.566236	0.0879862	0.0782982	0.652102	0.652393	0.000105585	-0.00784391	-1.70039e-08	0.000286451	9.74303e-09	-3.40888e-05	
4.479	0.566517	0.566236	0.0879862	0.0785158	0.652102	0.652392	0.000105585	-0.00782236	-1.70039e-08	0.000284921	9.74303e-09	-3.39052e-05	
4.48	0.566517	0.566237	0.0879862	0.0787321	0.652102	0.652392	0.000105585	-0.00780073	-1.70039e-08	0.000283386	9.74303e-09	-3.37215e-05	
4.481	0.566517	0.566238	0.0879862	0.0789469	0.652102	0.652391	0.000105585	-0.00777872	-1.70039e-08	0.000281839	9.74303e-09	-3.35346e-05	
4.482	0.566517	0.566238	0.0879862	0.0791604	0.652102	0.65239	0.000105585	-0.00775663	-1.70039e-08	0.000280285	9.74303e-09	-3.33475e-05	
4.483	0.566517	0.566239	0.0879862	0.0793723	0.652102	0.65239	0.000105585	-0.00773426	-1.70039e-08	0.000278723	9.74303e-09	-3.31596e-05	
4.484	0.566517	0.566239	0.0879862	0.0795826	0.652102	0.652389	0.000105585	-0.00771174	-1.70039e-08	0.000277155	9.74303e-09	-3.29703e-05	
4.485	0.566517	0.56624	0.0879862	0.0797917	0.652102	0.652388	0.000105585	-0.00768917	-1.70039e-08	0.000275583	9.74303e-09	-3.27819e-05	
4.486	0.566517	0.566241	0.0879862	0.0799991	0.652102	0.652387	0.000105585	-0.0076662	-1.70039e-08	0.000273999	9.74303e-09	-3.25913e-05	
4.487	0.566517	0.566241	0.0879862	0.0802051	0.652102	0.652387	0.000105585	-0.00764313	-1.70039e-08	0.00027241	9.74303e-09	-3.24005e-05	
4.488	0.566517	0.566242	0.0879862	0.0804096	0.652102	0.652386	0.000105585	-0.00761995	-1.70039e-08	0.000270817	9.74303e-09	-3.22094e-05	
4.489	0.566517	0.566243	0.0879862	0.0806126	0.652102	0.652385	0.000105585	-0.00759665	-1.70039e-08	0.00026922	9.74303e-09	-3.20181e-05	
4.49	0.566517	0.566243	0.0879862	0.0808141	0.652102	0.652385	0.000105585	-0.00757323	-1.70039e-08	0.00026762	9.74303e-09	-3.18265e-05	
4.491	0.566517	0.566244	0.0879862	0.081014	0.652102	0.652384	0.000105585	-0.00754964	-1.70039e-08	0.000266013	9.74303e-09	-3.16335e-05	
4.492	0.566517	0.566245	0.0879862	0.0812124	0.652102	0.652383	0.000105585	-0.00752591	-1.70039e-08	0.000264402	9.74303e-09	-3.14403e-05	
4.493	0.566517	0.566245	0.0879862	0.0814094	0.652102	0.652382	0.000105585	-0.007502	-1.70039e-08	0.000262785	9.74303e-09	-3.12457e-05	
4.494	0.566517	0.566246	0.0879862	0.0816048	0.652102	0.652381	0.000105585	-0.00747796	-1.70039e-08	0.000261162	9.74303e-09	-3.10508e-05	
4.495	0.566517	0.566247	0.0879862	0.0817986	0.652102	0.652381	0.000105585	-0.00745377	-1.70039e-08	0.000259536	9.74303e-09	-3.08565e-05	
4.496	0.566517	0.566247	0.0879862	0.0819907	0.652102	0.65238	0.000105585	-0.00742927	-1.70039e-08	0.000257901	9.74303e-09	-3.06586e-05	
4.497	0.566517	0.566248	0.0879862	0.0821813	0.652102	0.652379	0.000105585	-0.00740462	-1.70039e-08	0.000256261	9.74303e-09	-3.04613e-05	
4.498	0.566517	0.566249	0.0879862	0.08237	0.652102	0.652378	0.000105585	-0.00737981	-1.70039e-08	0.000254618	9.74303e-09	-3.02637e-05	
4.499	0.566517	0.56625	0.0879862	0.0825574	0.652102	0.652377	0.000105585	-0.00735479	-1.70039e-08	0.000252967	9.74303e-09	-3.00647e-05	
4.5	0.566517	0.56625	0.0879862	0.0827432	0.652102	0.652376	0.000105585	-0.00732983	-1.70039e-08	0.00025132	9.74303e-09	-2.9867e-05	
4.501	0.566517	0.566251	0.0879862	0.0829273	0.652102	0.652376	0.000105585	-0.00730463	-1.70039e-08	0.000249667	9.74303e-09	-2.96686e-05	
4.502	0.566517	0.566252	0.0879862	0.0831097	0.652102	0.652375	0.000105585	-0.00727927	-1.70039e-08	0.000248009	9.74303e-09	-2.947e-05	
4.503	0.566517	0.566253	0.0879862	0.0832905	0.652102	0.652374	0.000105585	-0.00725389	-1.70039e-08	0.000246352	9.74303e-09	-2.92715e-05	
4.504	0.566517	0.566253	0.0879862	0.0834696	0.652102	0.652373	0.000105585	-0.00722821	-1.70039e-08	0.000244686	9.74303e-09	-2.90714e-05	
4.505	0.566517	0.566254	0.0879862	0.0836473	0.652102	0.652373	0.000105585	-0.00720234	-1.70039e-08	0.000243015	9.74303e-09	-2.88717e-05	
4.506	0.566517	0.566255	0.0879862	0.0838231	0.652102	0.652372	0.000105585	-0.0071764	-1.70039e-08	0.000241344	9.74303e-09	-2.86703e-05	
4.507	0.566517	0.566256	0.0879862	0.0839973	0.652102	0.652371	0.000105585	-0.00715015	-1.70039e-08	0.000239665	9.74303e-09	-2.84673e-05	
4.508	0.566517	0.566256	0.0879862	0.0841698	0.652102	0.652369	0.000105585	-0.00712386	-1.70039e-08	0.000237986	9.74303e-09	-2.82644e-05	
4.509	0.566517	0.566257	0.0879862	0.0843406	0.652102	0.652369	0.000105585	-0.00709758	-1.70039e-08	0.00023631	9.74303e-09	-2.80626e-05	
4.51	0.566517	0.566258	0.0879862	0.0845097	0.652102	0.652368	0.000105585	-0.0070713	-1.70039e-08	0.000234636	9.74303e-09	-2.78619e-05	
4.511	0.566517	0.566259	0.0879862	0.084677	0.652102	0.652367	0.000105585	-0.00704462	-1.70039e-08	0.000232952	9.74303e-09	-2.76593e-05	
4.512	0.566517	0.56626	0.0879862	0.0848426	0.652102	0.652366	0.000105585	-0.00701787	-1.70039e-08	0.000231268	9.74303e-09	-2.74567e-05	
4.513	0.566517	0.56626	0.0879862	0.0850064	0.652102	0.652365	0.000105585	-0.00699111	-1.70039e-08	0.000229587	9.74303e-09	-2.72552e-05	
4.514	0.566517	0.566261	0.0879862	0.0851685	0.652102	0.652364	0.000105585	-0.00696399	-1.70039e-08	0.000227895	9.74303e-09	-2.70519e-05	
4.515	0.566517	0.566262	0.0879862	0.0853289	0.652102	0.652363	0.000105585	-0.00693678	-1.70039e-08	0.000226203	9.74303e-09	-2.68494e-05	
4.516	0.566517	0.566263	0.0879862	0.0854875	0.652102	0.652362	0.000105585	-0.00690948	-1.70039e-08	0.000224512	9.74303e-09	-2.66469e-05	
4.517	0.566517	0.566264	0.0879862	0.0856443	0.652102	0.652361	0.000105585	-0.00688201	-1.70039e-08	0.000222818	9.74303e-09	-2.64442e-05	
4.518	0.566517	0.566265	0.0879862	0.0857993	0.652102	0.65236	0.000105585	-0.0068544	-1.70039e-08	0.000221123	9.74303e-09	-2.62404e-05	
4.519	0.566517	0.566265	0.0879862	0.0859526	0.652102	0.65236	0.000105585	-0.00682667	-1.70039e-08	0.000219426	9.74303e-09	-2.60372e-05	
4.52	0.566517	0.566266	0.0879862	0.086104	0.652102	0.652359	0.000105585	-0.00679883	-1.70039e-08	0.00021773	9.74303e-09	-2.5834e-05	
4.521	0.566517	0.566267	0.0879862	0.0862535	0.652102	0.652358	0.000105585	-0.00677079	-1.70039e-08	0.000216031	9.74303e-09	-2.56305e-05	
4.522	0.566517	0.566268	0.0879862	0.0864013	0.652102	0.652357	0.000105585	-0.0067428	-1.70039e-08	0.000214336	9.74303e-09	-2.54273e-05	
4.523	0.566517	0.566269	0.0879862	0.0865473	0.652102	0.652356	0.000105585	-0.00671465	-1.70039e-08	0.00021264	9.74303e-09	-2.52247e-05	
4.524	0.566517	0.56627	0.0879862	0.0866914	0.652102	0.652355	0.000105585	-0.00668648	-1.70039e-08	0.000210947	9.74303e-09	-2.50215e-05	
4.525	0.566517	0.566271	0.0879862	0.0868336	0.652102	0.652354	0.000105585	-0.00665815	-1.70039e-08	0.000209253	9.74303e-09	-2.48181e-05	
4.526	0.566517	0.566272	0.0879862	0.0869739	0.652102	0.652353	0.000105585	-0.00662958	-1.70039e-08	0.000207557	9.74303e-09	-2.46149e-05	
4.527	0.566517	0.566272	0.0879862	0.0871124	0.652102	0.652352	0.000105585	-0.00660102	-1.70039e-08	0.000205863	9.74303e-09	-2.4412e-05	
4.528	0.566517	0.566273	0.0879862	0.0872489	0.652102	0.652351	0.000105585	-0.00657221	-1.70039e-08	0.000204166	9.74303e-09	-2.42087e-05	
4.529	0.566517	0.566274	0.0879862	0.0873836	0.652102	0.65235	0.000105585	-0.00654349	-1.70039e-08	0.000202475	9.74303e-09	-2.40074e-05	
4.53	0.566517	0.566275	0.0879862	0.0875165	0.652102	0.652349	0.000105585	-0.00651446	-1.70039e-08	0.000200779	9.74303e-09	-2.38047e-05	
4.531	0.566517	0.566276	0.0879862	0.0876473	0.652102	0.652348	0.000105585	-0.0064855	-1.70039e-08	0.00019909	9.74303e-09	-2.3604e-05	
4.532	0.566517	0.566277	0.0879862	0.0877761	0.652102	0.652347	0.000105585	-0.00645639	-1.70039e-08	0.000197401	9.74303e-09	-2.34023e-05	
4.533	0.566517	0.566278	0.0879862	0.0879032	0.652102	0.652346	0.000105585	-0.00642723	-1.70039e-08	0.000195715	9.74303e-09	-2.32006e-05	
4.534	0.566517	0.566279	0.0879862	0.0880283	0.652102	0.652345	0.000105585	-0.00639773	-1.70039e-08	0.000194023	9.74303e-09	-2.29975e-05	
4.535	0.566517	0.56628	0.0879862	0.0881513	0.652102	0.652344	0.000105585	-0.00636815	-1.70039e-08	0.000192334	9.74303e-09	-2.27951e-05	
4.536	0.566517	0.566281	0.0879862	0.0882724	0.652102	0.652343	0.000105585	-0.00633849	-1.70039e-08	0.000190647	9.74303e-09	-2.25928e-05	
4.537	0.566517	0.566282	0.0879862	0.0883914	0.652102	0.652342	0.000105585	-0.00630868	-1.70039e-08	0.00018896	9.74303e-09	-2.23902e-05	
4.538	0.566517	0.566282	0.0879862	0.0885087	0.652102	0.65234	0.000105585	-0.00627908	-1.70039e-08	0.000187284	9.74303e-09	-2.21892e-05	
4.539	0.566517	0.566283	0.0879862	0.0886239	0.652102	0.652339	0.000105585	-0.00624935	-1.70039e-08	0.000185609	9.74303e-09	-2.19889e-05	
4.54	0.566517	0.566284	0.0879862	0.0887371	0.652102	0.652338	0.000105585	-0.00621945	-1.70039e-08	0.000183934	9.74303e-09	-2.17883e-05	
4.541	0.566517	0.566285	0.0879862	0.0888482	0.652102	0.652337	0.000105585	-0.00618947	-1.70039e-08	0.000182262	9.74303e-09	-2.15892e-05	
4.542	0.566517	0.566286	0.0879862	0.0889575	0.652102	0.652336	0.000105585	-0.00615924	-1.70039e-08	0.000180588	9.74303e-09	-2.13888e-05	
4.543	0.566517	0.566287	0.0879862	0.0890645	0.652102	0.652335	0.000105585	-0.0061291	-1.70039e-08	0.000178922	9.74303e-09	-2.11897e-05	
4.544	0.566517	0.566288	0.0879862	0.0891696	0.652102	0.652334	0.000105585	-0.0060988	-1.70039e-08	0.000177257	9.74303e-09	-2.0991e-05	
4.545	0.566517	0.566289	0.0879862	0.0892727	0.652102	0.652333	0.000105585	-0.00606833	-1.70039e-08	0.000175592	9.74303e-09	-2.07929e-05	
4.546	0.566517	0.56629	0.0879862	0.0893736	0.652102	0.652332	0.000105585	-0.00603791	-1.70039e-08	0.000173935	9.74303e-09	-2.05958e-05	
4.547	0.566517	0.566291	0.0879862	0.0894724	0.652102	0.652331	0.000105585	-0.00600748	-1.70039e-08	0.000172282	9.74303e-09	-2.03989e-05	
4.548	0.566517	0.566292	0.0879862	0.0895693	0.652102	0.65233	0.000105585	-0.00597686	-1.70039e-08	0.00017063	9.74303e-09	-2.02024e-05	
4.549	0.566517	0.566293	0.0879862	0.089664	0.652102	0.652329	0.000105585	-0.0059462	-1.70039e-08	0.000168983	9.74303e-09	-2.00066e-05	
4.55	0.566517	0.566294	0.0879862	0.0897566	0.652102	0.652327	0.000105585	-0.00591556	-1.70039e-08	0.000167342	9.74303e-09	-1.98118e-05	
4.551	0.566517	0.566295	0.0879862	0.0898471	0.652102	0.652326	0.000105585	-0.00588465	-1.70039e-08	0.000165699	9.74303e-09	-1.96165e-05	
4.552	0.566517	0.566296	0.0879862	0.0899354	0.652102	0.652325	0.000105585	-0.00585366	-1.70039e-08	0.000164061	9.74303e-09	-1.94219e-05	
4.553	0.566517	0.566297	0.0879862	0.0900218	0.652102	0.652324	0.000105585	-0.00582254	-1.70039e-08	0.000162425	9.74303e-09	-1.9227e-05	
4.554	0.566517	0.566298	0.0879862	0.090106	0.652102	0.652323	0.000105585	-0.00579141	-1.70039e-08	0.000160795	9.74303e-09	-1.90331e-05	
4.555	0.566517	0.566299	0.0879862	0.090188	0.652102	0.652322	0.000105585	-0.00576018	-1.70039e-08	0.000159168	9.74303e-09	-1.88397e-05	
4.556	0.566517	0.5663	0.0879862	0.0902679	0.652102	0.652321	0.000105585	-0.00572915	-1.70039e-08	0.000157554	9.74303e-09	-1.86477e-05	
4.557	0.566517	0.566301	0.0879862	0.0903455	0.652102	0.652319	0.000105585	-0.00569771	-1.70039e-08	0.000155935	9.74303e-09	-1.84548e-05	
4.558	0.566517	0.566302	0.0879862	0.0904211	0.652102	0.652318	0.000105585	-0.00566643	-1.70039e-08	0.000154326	9.74303e-09	-1.82638e-05	
4.559	0.566517	0.566303	0.0879862	0.0904944	0.652102	0.652317	0.000105585	-0.00563506	-1.70039e-08	0.000152721	9.74303e-09	-1.80741e-05	
4.56	0.566517	0.566304	0.0879862	0.0905655	0.652102	0.652316	0.000105585	-0.00560355	-1.70039e-08	0.000151119	9.74303e-09	-1.78849e-05	
4.561	0.566517	0.566305	0.0879862	0.0906344	0.652102	0.652315	0.000105585	-0.00557182	-1.70039e-08	0.000149518	9.74303e-09	-1.76953e-05	
4.562	0.566517	0.566306	0.0879862	0.0907011	0.652102	0.652314	0.000105585	-0.00554012	-1.70039e-08	0.000147925	9.74303e-09	-1.75058e-05	
4.563	0.566517	0.566307	0.0879862	0.0907654	0.652102	0.652313	0.000105585	-0.00550835	-1.70039e-08	0.000146337	9.74303e-09	-1.73183e-05	
4.564	0.566517	0.566308	0.0879862	0.0908277	0.652102	0.652312	0.000105585	-0.00547657	-1.70039e-08	0.000144755	9.74303e-09	-1.7131e-05	
4.565	0.566517	0.566309	0.0879862	0.0908876	0.652102	0.652311	0.000105585	-0.00544471	-1.70039e-08	0.000143179	9.74303e-09	-1.69455e-05	
4.566	0.566517	0.566311	0.0879862	0.0909454	0.652102	0.652309	0.000105585	-0.00541283	-1.70039e-08	0.000141609	9.74303e-09	-1.67602e-05	
4.567	0.566517	0.566312	0.0879862	0.0910008	0.652102	0.652308	0.000105585	-0.00538089	-1.70039e-08	0.000140045	9.74303e-09	-1.65754e-05	
4.568	0.566517	0.566313	0.0879862	0.091054	0.652102	0.652307	0.000105585	-0.00534897	-1.70039e-08	0.000138488	9.74303e-09	-1.63914e-05	
4.569	0.566517	0.566314	0.0879862	0.0911048	0.652102	0.652306	0.000105585	-0.00531674	-1.70039e-08	0.000136931	9.74303e-09	-1.62074e-05	
4.57	0.566517	0.566315	0.0879862	0.0911535	0.652102	0.652305	0.000105585	-0.00528474	-1.70039e-08	0.000135386	9.74303e-09	-1.60247e-05	
4.571	0.566517	0.566316	0.0879862	0.0911998	0.652102	0.652304	0.000105585	-0.00525247	-1.70039e-08	0.000133842	9.74303e-09	-1.58427e-05	
4.572	0.566517	0.566317	0.0879862	0.0912437	0.652102	0.652302	0.000105585	-0.00522018	-1.70039e-08	0.000132305	9.74303e-09	-1.56614e-05	
4.573	0.566517	0.566318	0.0879862	0.0912852	0.652102	0.652301	0.000105585	-0.00518782	-1.70039e-08	0.000130775	9.74303e-09	-1.54813e-05	
4.574	0.566517	0.566319	0.0879862	0.0913247	0.652102	0.6523	0.000105585	-0.00515557	-1.70039e-08	0.000129253	9.74303e-09	-1.5301e-05	
4.575	0.566517	0.56632	0.0879862	0.0913617	0.652102	0.652299	0.000105585	-0.00512328	-1.70039e-08	0.000127739	9.74303e-09	-1.51224e-05	
4.576	0.566517	0.566321	0.0879862	0.0913964	0.652102	0.652297	0.000105585	-0.00509086	-1.70039e-08	0.000126229	9.74303e-09	-1.49443e-05	
4.577	0.566517	0.566322	0.0879862	0.0914286	0.652102	0.652296	0.000105585	-0.00505863	-1.70039e-08	0.000124731	9.74303e-09	-1.47685e-05	
4.578	0.566517	0.566323	0.0879862	0.0914585	0.652102	0.652295	0.000105585	-0.00502618	-1.70039e-08	0.000123236	9.74303e-09	-1.45923e-05	
4.579	0.566517	0.566324	0.0879862	0.0914861	0.652102	0.652294	0.000105585	-0.00499362	-1.70039e-08	0.000121746	9.74303e-09	-1.44159e-05	
4.58	0.566517	0.566325	0.0879862	0.0915112	0.652102	0.652293	0.000105585	-0.00496085	-1.70039e-08	0.000120258	9.74303e-09	-1.42403e-05	
4.581	0.566517	0.566326	0.0879862	0.091534	0.652102	0.652291	0.000105585	-0.00492824	-1.70039e-08	0.000118783	9.74303e-09	-1.40669e-05	
4.582	0.566517	0.566327	0.0879862	0.0915543	0.652102	0.65229	0.000105585	-0.00489549	-1.70039e-08	0.000117312	9.74303e-09	-1.38945e-05	
4.583	0.566517	0.566329	0.0879862	0.0915723	0.652102	0.652289	0.000105585	-0.00486235	-1.70039e-08	0.00011584	9.74303e-09	-1.37212e-05	
4.584	0.566517	0.56633	0.0879862	0.0915883	0.652102	0.652288	0.000105585	-0.00482868	-1.70039e-08	0.000114364	9.74303e-09	-1.35481e-05	
4.585	0.566517	0.566331	0.0879862	0.0916022	0.652102	0.652286	0.000105585	-0.00479421	-1.70039e-08	0.000112879	9.74303e-09	-1.33738e-05	
4.586	0.566517	0.566332	0.0879862	0.0916142	0.652102	0.652285	0.000105585	-0.00475922	-1.70039e-08	0.00011139	9.74303e-09	-1.31997e-05	
4.587	0.566517	0.566333	0.0879862	0.0916243	0.652102	0.652283	0.000105585	-0.00472372	-1.70039e-08	0.000109898	9.74303e-09	-1.30257e-05	
4.588	0.566517	0.566334	0.0879862	0.0916327	0.652102	0.652282	0.000105585	-0.00468794	-1.70039e-08	0.00010841	9.74303e-09	-1.28525e-05	
4.589	0.566517	0.566335	0.0879862	0.0916392	0.652102	0.65228	0.000105585	-0.00465192	-1.70039e-08	0.000106924	9.74303e-09	-1.26795e-05	
4.59	0.566517	0.566337	0.0879862	0.0916439	0.652102	0.652279	0.000105585	-0.0046157	-1.70039e-08	0.000105444	9.74303e-09	-1.25074e-05	
4.591	0.566517	0.566338	0.0879862	0.0916469	0.652102	0.652277	0.000105585	-0.00457943	-1.70039e-08	0.000103972	9.74303e-09	-1.23355e-05	
4.592	0.566517	0.566339	0.0879862	0.0916482	0.652102	0.652275	0.000105585	-0.0045432	-1.70039e-08	0.00010251	9.74303e-09	-1.21651e-05	
4.593	0.566517	0.56634	0.0879862	0.091648	0.652102	0.652274	0.000105585	-0.00450726	-1.70039e-08	0.000101064	9.74303e-09	-1.19967e-05	
4.594	0.566517	0.566341	0.0879862	0.0916463	0.652102	0.652272	0.000105585	-0.00447131	-1.70039e-08	9.96267e-05	9.74303e-09	-1.18291e-05	
4.595	0.566517	0.566342	0.0879862	0.0916432	0.652102	0.652271	0.000105585	-0.0044355	-1.70039e-08	9.82017e-05	9.74303e-09	-1.16631e-05	
4.596	0.566517	0.566344	0.0879862	0.0916387	0.652102	0.652269	0.000105585	-0.00439998	-1.70039e-08	9.67922e-05	9.74303e-09	-1.14991e-05	
4.597	0.566517	0.566345	0.0879862	0.0916329	0.652102	0.652268	0.000105585	-0.0043645	-1.70039e-08	9.5393e-05	9.74303e-09	-1.13356e-05	
4.598	0.566517	0.566346	0.0879862	0.0916257	0.652102	0.652266	0.000105585	-0.00432939	-1.70039e-08	9.40113e-05	9.74303e-09	-1.11741e-05	
4.599	0.566517	0.566347	0.0879862	0.0916174	0.652102	0.652265	0.000105585	-0.00429448	-1.70039e-08	9.26428e-05	9.74303e-09	-1.1015e-05	
4.6	0.566517	0.566348	0.0879862	0.0916078	0.652102	0.652263	0.000105585	-0.00425971	-1.70039e-08	9.12868e-05	9.74303e-09	-1.08575e-05	
4.601	0.566517	0.566349	0.0879862	0.0915971	0.652102	0.652262	0.000105585	-0.0042253	-1.70039e-08	8.99472e-05	9.74303e-09	-1.07011e-05	
4.602	0.566517	0.56635	0.0879862	0.0915854	0.652102	0.65226	0.000105585	-0.00419076	-1.70039e-08	8.86137e-05	9.74303e-09	-1.05453e-05	
4.603	0.566517	0.566351	0.0879862	0.0915726	0.652102	0.652259	0.000105585	-0.00415639	-1.70039e-08	8.72936e-05	9.74303e-09	-1.03906e-05	
4.604	0.566517	0.566352	0.0879862	0.0915589	0.652102	0.652258	0.000105585	-0.00412255	-1.70039e-08	8.59929e-05	9.74303e-09	-1.02389e-05	
4.605	0.566517	0.566353	0.0879862	0.0915443	0.652102	0.652256	0.000105585	-0.00408889	-1.70039e-08	8.4705e-05	9.74303e-09	-1.00884e-05	
4.606	0.566517	0.566355	0.0879862	0.0915286	0.652102	0.652255	0.000105585	-0.00405528	-1.70039e-08	8.34279e-05	9.74303e-09	-9.93988e-06	
4.607	0.566517	0.566356	0.0879862	0.091512	0.652102	0.652253	0.000105585	-0.00402191	-1.70039e-08	8.21647e-05	9.74303e-09	-9.79312e-06	
4.608	0.566517	0.566357	0.0879862	0.0914947	0.652102	0.652252	0.000105585	-0.0039885	-1.70039e-08	8.09093e-05	9.74303e-09	-9.64709e-06	
4.609	0.566517	0.566358	0.0879862	0.0914767	0.652102	0.652251	0.000105585	-0.00395537	-1.70039e-08	7.96682e-05	9.74303e-09	-9.50247e-06	
4.61	0.566517	0.566359	0.0879862	0.091458	0.652102	0.652249	0.000105585	-0.00392225	-1.70039e-08	7.84365e-05	9.74303e-09	-9.35919e-06	
4.611	0.566517	0.56636	0.0879862	0.0914387	0.652102	0.652248	0.000105585	-0.00388952	-1.70039e-08	7.72214e-05	9.74303e-09	-9.21846e-06	
4.612	0.566517	0.566361	0.0879862	0.0914186	0.652102	0.652247	0.000105585	-0.00385678	-1.70039e-08	7.6015e-05	9.74303e-09	-9.07806e-06	
4.613	0.566517	0.566362	0.0879862	0.0913979	0.652102	0.652246	0.000105585	-0.00382443	-1.70039e-08	7.48252e-05	9.74303e-09	-8.94019e-06	
4.614	0.566517	0.566363	0.0879862	0.0913766	0.652102	0.652245	0.000105585	-0.00379214	-1.70039e-08	7.3646e-05	9.74303e-09	-8.80416e-06	
4.615	0.566517	0.566364	0.0879862	0.0913547	0.652102	0.652243	0.000105585	-0.00375994	-1.70039e-08	7.2477e-05	9.74303e-09	-8.6687e-06	
4.616	0.566517	0.566365	0.0879862	0.0913324	0.652102	0.652242	0.000105585	-0.0037277	-1.70039e-08	7.13165e-05	9.74303e-09	-8.53306e-06	
4.617	0.566517	0.566367	0.0879862	0.0913095	0.652102	0.652241	0.000105585	-0.00369567	-1.70039e-08	7.01687e-05	9.74303e-09	-8.4e-06	
4.618	0.566517	0.566368	0.0879862	0.0912862	0.652102	0.65224	0.000105585	-0.0036638	-1.70039e-08	6.90324e-05	9.74303e-09	-8.26897e-06	
4.619	0.566517	0.566369	0.0879862	0.0912624	0.652102	0.652238	0.000105585	-0.00363203	-1.70039e-08	6.79071e-05	9.74303e-09	-8.1385e-06	
4.62	0.566517	0.56637	0.0879862	0.0912382	0.652102	0.652237	0.000105585	-0.00360037	-1.70039e-08	6.67931e-05	9.74303e-09	-8.0095e-06	
4.621	0.566517	0.566371	0.0879862	0.0912138	0.652102	0.652236	0.000105585	-0.00356862	-1.70039e-08	6.5686e-05	9.74303e-09	-7.8812e-06	
4.622	0.566517	0.566372	0.0879862	0.0911891	0.652102	0.652235	0.000105585	-0.003537	-1.70039e-08	6.45894e-05	9.74303e-09	-7.75436e-06	
4.623	0.566517	0.566373	0.0879862	0.091164	0.652102	0.652234	0.000105585	-0.00350558	-1.70039e-08	6.35057e-05	9.74303e-09	-7.62916e-06	
4.624	0.566517	0.566374	0.0879862	0.0911386	0.652102	0.652233	0.000105585	-0.00347434	-1.70039e-08	6.24337e-05	9.74303e-09	-7.50592e-06	
4.625	0.566517	0.566375	0.0879862	0.091113	0.652102	0.652232	0.000105585	-0.00344302	-1.70039e-08	6.13692e-05	9.74303e-09	-7.38337e-06	
4.626	0.566517	0.566376	0.0879862	0.0910871	0.652102	0.652231	0.000105585	-0.00341163	-1.70039e-08	6.03124e-05	9.74303e-09	-7.26152e-06	
4.627	0.566517	0.566377	0.0879862	0.091061	0.652102	0.652229	0.000105585	-0.00338044	-1.70039e-08	5.92677e-05	9.74303e-09	-7.14128e-06	
4.628	0.566517	0.566378	0.0879862	0.0910347	0.652102	0.652228	0.000105585	-0.00334947	-1.70039e-08	5.82358e-05	9.74303e-09	-7.02264e-06	
4.629	0.566517	0.566379	0.0879862	0.0910081	0.652102	0.652227	0.000105585	-0.00331842	-1.70039e-08	5.72119e-05	9.74303e-09	-6.90469e-06	
4.63	0.566517	0.56638	0.0879862	0.0909814	0.652102	0.652226	0.000105585	-0.00328764	-1.70039e-08	5.62014e-05	9.74303e-09	-6.78882e-06	
4.631	0.566517	0.566381	0.0879862	0.0909545	0.652102	0.652225	0.000105585	-0.00325684	-1.70039e-08	5.5199e-05	9.74303e-09	-6.67334e-06	
4.632	0.566517	0.566382	0.0879862	0.0909276	0.652102	0.652224	0.000105585	-0.00322602	-1.70039e-08	5.42049e-05	9.74303e-09	-6.55906e-06	
4.633	0.566517	0.566383	0.0879862	0.0909005	0.652102	0.652223	0.000105585	-0.00319509	-1.70039e-08	5.3218e-05	9.74303e-09	-6.44501e-06	
4.634	0.566517	0.566384	0.0879862	0.0908734	0.652102	0.652222	0.000105585	-0.00316444	-1.70039e-08	5.22443e-05	9.74303e-09	-6.33302e-06	
4.635	0.566517	0.566385	0.0879862	0.0908461	0.652102	0.652221	0.000105585	-0.00313381	-1.70039e-08	5.128e-05	9.74303e-09	-6.22192e-06	
4.636	0.566517	0.566386	0.0879862	0.0908188	0.652102	0.65222	0.000105585	-0.00310345	-1.70039e-08	5.03288e-05	9.74303e-09	-6.11285e-06	
4.637	0.566517	0.566387	0.0879862	0.0907915	0.652102	0.652219	0.000105585	-0.00307285	-1.70039e-08	4.93824e-05	9.74303e-09	-6.00383e-06	
4.638	0.566517	0.566388	0.0879862	0.0907642	0.652102	0.652218	0.000105585	-0.00304225	-1.70039e-08	4.84446e-05	9.74303e-09	-5.89599e-06	
4.639	0.566517	0.56639	0.0879862	0.0907366	0.652102	0.652216	0.000105585	-0.00301162	-1.70039e-08	4.75158e-05	9.74303e-09	-5.7886e-06	
4.64	0.566517	0.566391	0.0879862	0.0907091	0.652102	0.652215	0.000105585	-0.00298105	-1.70039e-08	4.65967e-05	9.74303e-09	-5.68283e-06	
4.641	0.566517	0.566392	0.0879862	0.0906816	0.652102	0.652214	0.000105585	-0.00295079	-1.70039e-08	4.56913e-05	9.74303e-09	-5.57878e-06	
4.642	0.566517	0.566393	0.0879862	0.0906542	0.652102	0.652213	0.000105585	-0.00292058	-1.70039e-08	4.4795e-05	9.74303e-09	-5.47564e-06	
4.643	0.566517	0.566394	0.0879862	0.0906268	0.652102	0.652212	0.000105585	-0.00289015	-1.70039e-08	4.39041e-05	9.74303e-09	-5.3733e-06	
4.644	0.566517	0.566395	0.0879862	0.0905995	0.652102	0.652211	0.000105585	-0.0028597	-1.70039e-08	4.3022e-05	9.74303e-09	-5.27144e-06	
4.645	0.566517	0.566396	0.0879862	0.0905721	0.652102	0.65221	0.000105585	-0.0028293	-1.70039e-08	4.21496e-05	9.74303e-09	-5.1705e-06	
4.646	0.566517	0.566397	0.0879862	0.0905448	0.652102	0.652209	0.000105585	-0.00279905	-1.70039e-08	4.12882e-05	9.74303e-09	-5.07133e-06	
4.647	0.566517	0.566398	0.0879862	0.0905177	0.652102	0.652208	0.000105585	-0.00276881	-1.70039e-08	4.04359e-05	9.74303e-09	-4.97331e-06	
4.648	0.566517	0.566399	0.0879862	0.0904906	0.652102	0.652206	0.000105585	-0.00273862	-1.70039e-08	3.95928e-05	9.74303e-09	-4.8762e-06	
4.649	0.566517	0.5664	0.0879862	0.0904635	0.652102	0.652205	0.000105585	-0.00270853	-1.70039e-08	3.87604e-05	9.74303e-09	-4.78042e-06	
4.65	0.566517	0.566401	0.0879862	0.0904366	0.652102	0.652204	0.000105585	-0.00267831	-1.70039e-08	3.79349e-05	9.74303e-09	-4.6856e-06	
4.651	0.566517	0.566402	0.0879862	0.0904097	0.652102	0.652203	0.000105585	-0.00264815	-1.70039e-08	3.71192e-05	9.74303e-09	-4.59171e-06	
4.652	0.566517	0.566403	0.0879862	0.0903829	0.652102	0.652202	0.000105585	-0.00261805	-1.70039e-08	3.63131e-05	9.74303e-09	-4.49873e-06	
4.653	0.566517	0.566404	0.0879862	0.0903564	0.652102	0.652201	0.000105585	-0.0025881	-1.70039e-08	3.55177e-05	9.74303e-09	-4.40745e-06	
4.654	0.566517	0.566405	0.0879862	0.0903297	0.652102	0.6522	0.000105585	-0.00255788	-1.70039e-08	3.47279e-05	9.74303e-09	-4.31598e-06	
4.655	0.566517	0.566406	0.0879862	0.0903034	0.652102	0.652199	0.000105585	-0.00252778	-1.70039e-08	3.39481e-05	9.74303e-09	-4.22583e-06	
4.656	0.566517	0.566407	0.0879862	0.0902772	0.652102	0.652198	0.000105585	-0.00249774	-1.70039e-08	3.31782e-05	9.74303e-09	-4.13662e-06	
4.657	0.566517	0.566408	0.0879862	0.090251	0.652102	0.652196	0.000105585	-0.00246758	-1.70039e-08	3.24155e-05	9.74303e-09	-4.04838e-06	
4.658	0.566517	0.566409	0.0879862	0.0902249	0.652102	0.652195	0.000105585	-0.00243749	-1.70039e-08	3.16628e-05	9.74303e-09	-3.96107e-06	
4.659	0.566517	0.56641	0.0879862	0.090199	0.652102	0.652194	0.000105585	-0.00240756	-1.70039e-08	3.09211e-05	9.74303e-09	-3.87542e-06	
4.66	0.566517	0.566411	0.0879862	0.0901734	0.652102	0.652193	0.000105585	-0.00237785	-1.70039e-08	3.01908e-05	9.74303e-09	-3.79121e-06	
4.661	0.566517	0.566412	0.0879862	0.0901479	0.652102	0.652192	0.000105585	-0.00234797	-1.70039e-08	2.94672e-05	9.74303e-09	-3.7076e-06	
4.662	0.566517	0.566413	0.0879862	0.0901224	0.652102	0.652191	0.000105585	-0.00231817	-1.70039e-08	2.87536e-05	9.74303e-09	-3.62491e-06	
4.663	0.566517	0.566414	0.0879862	0.0900972	0.652102	0.65219	0.000105585	-0.00228826	-1.70039e-08	2.80473e-05	9.74303e-09	-3.54319e-06	
4.664	0.566517	0.566415	0.0879862	0.0900722	0.652102	0.652189	0.000105585	-0.00225842	-1.70039e-08	2.73508e-05	9.74303e-09	-3.46241e-06	
4.665	0.566517	0.566416	0.0879862	0.0900472	0.652102	0.652188	0.000105585	-0.00222848	-1.70039e-08	2.6662e-05	9.74303e-09	-3.38259e-06	
4.666	0.566517	0.566417	0.0879862	0.0900226	0.652102	0.652187	0.000105585	-0.00219867	-1.70039e-08	2.59835e-05	9.74303e-09	-3.30405e-06	
4.667	0.566517	0.566418	0.0879862	0.089998	0.652102	0.652186	0.000105585	-0.00216898	-1.70039e-08	2.53154e-05	9.74303e-09	-3.22623e-06	
4.668	0.566517	0.566419	0.0879862	0.0899737	0.652102	0.652185	0.000105585	-0.00213914	-1.70039e-08	2.46543e-05	9.74303e-09	-3.14907e-06	
4.669	0.566517	0.56642	0.0879862	0.0899495	0.652102	0.652184	0.000105585	-0.00210939	-1.70039e-08	2.40031e-05	9.74303e-09	-3.07286e-06	
4.67	0.566517	0.566421	0.0879862	0.0899256	0.652102	0.652183	0.000105585	-0.00207983	-1.70039e-08	2.3363e-05	9.74303e-09	-2.99822e-06	
4.671	0.566517	0.566422	0.0879862	0.0899019	0.652102	0.652182	0.000105585	-0.00205017	-1.70039e-08	2.27305e-05	9.74303e-09	-2.92454e-06	
4.672	0.566517	0.566423	0.0879862	0.0898784	0.652102	0.652181	0.000105585	-0.00202036	-1.70039e-08	2.2105e-05	9.74303e-09	-2.85104e-06	
4.673	0.566517	0.566424	0.0879862	0.0898551	0.652102	0.65218	0.000105585	-0.00199074	-1.70039e-08	2.14904e-05	9.74303e-09	-2.77909e-06	
4.674	0.566517	0.566425	0.0879862	0.0898318	0.652102	0.652179	0.000105585	-0.00196098	-1.70039e-08	2.08835e-05	9.74303e-09	-2.70781e-06	
4.675	0.566517	0.566426	0.0879862	0.0898089	0.652102	0.652178	0.000105585	-0.00193107	-1.70039e-08	2.02836e-05	9.74303e-09	-2.63675e-06	
4.676	0.566517	0.566427	0.0879862	0.0897861	0.652102	0.652177	0.000105585	-0.00190131	-1.70039e-08	1.96942e-05	9.74303e-09	-2.56694e-06	
4.677	0.566517	0.566428	0.0879862	0.0897635	0.652102	0.652175	0.000105585	-0.00187175	-1.70039e-08	1.91155e-05	9.74303e-09	-2.49866e-06	
4.678	0.566517	0.566429	0.0879862	0.0897411	0.652102	0.652174	0.000105585	-0.00184214	-1.70039e-08	1.85453e-05	9.74303e-09	-2.43119e-06	
4.679	0.566517	0.56643	0.0879862	0.0897189	0.652102	0.652173	0.000105585	-0.00181267	-1.70039e-08	1.79853e-05	9.74303e-09	-2.36494e-06	
4.68	0.566517	0.566431	0.0879862	0.089697	0.652102	0.652172	0.000105585	-0.00178309	-1.70039e-08	1.74326e-05	9.74303e-09	-2.29939e-06	
4.681	0.566517	0.566432	0.0879862	0.0896753	0.652102	0.652171	0.000105585	-0.00175342	-1.70039e-08	1.68882e-05	9.74303e-09	-2.2348e-06	
4.682	0.566517	0.566433	0.0879862	0.0896538	0.652102	0.65217	0.000105585	-0.0017239	-1.70039e-08	1.63538e-05	9.74303e-09	-2.17101e-06	
4.683	0.566517	0.566434	0.0879862	0.0896324	0.652102	0.652169	0.000105585	-0.0016943	-1.70039e-08	1.58274e-05	9.74303e-09	-2.10819e-06	
4.684	0.566517	0.566435	0.0879862	0.0896112	0.652102	0.652168	0.000105585	-0.00166485	-1.70039e-08	1.53112e-05	9.74303e-09	-2.04619e-06	
4.685	0.566517	0.566436	0.0879862	0.0895904	0.652102	0.652167	0.000105585	-0.00163534	-1.70039e-08	1.48032e-05	9.74303e-09	-1.98516e-06	
4.686	0.566517	0.566437	0.0879862	0.0895697	0.652102	0.652166	0.000105585	-0.00160598	-1.70039e-08	1.4305e-05	9.74303e-09	-1.92533e-06	
4.687	0.566517	0.566438	0.0879862	0.0895491	0.652102	0.652165	0.000105585	-0.00157659	-1.70039e-08	1.38153e-05	9.74303e-09	-1.86632e-06	
4.688	0.566517	0.566439	0.0879862	0.0895288	0.652102	0.652163	0.000105585	-0.00154713	-1.70039e-08	1.33338e-05	9.74303e-09	-1.80827e-06	
4.689	0.566517	0.56644	0.0879862	0.0895088	0.652102	0.652163	0.000105585	-0.00151783	-1.70039e-08	1.28622e-05	9.74303e-09	-1.75141e-06	
4.69	0.566517	0.566441	0.0879862	0.0894889	0.652102	0.652162	0.000105585	-0.00148851	-1.70039e-08	1.23991e-05	9.74303e-09	-1.69537e-06	
4.691	0.566517	0.566442	0.0879862	0.0894693	0.652102	0.652161	0.000105585	-0.00145904	-1.70039e-08	1.19433e-05	9.74303e-09	-1.63983e-06	
4.692	0.566517	0.566443	0.0879862	0.0894499	0.652102	0.652159	0.000105585	-0.00142982	-1.70039e-08	1.14982e-05	9.74303e-09	-1.58557e-06	
4.693	0.566517	0.566444	0.0879862	0.0894307	0.652102	0.652158	0.000105585	-0.00140049	-1.70039e-08	1.10609e-05	9.74303e-09	-1.53205e-06	
4.694	0.566517	0.566445	0.0879862	0.0894118	0.652102	0.652157	0.000105585	-0.00137106	-1.70039e-08	1.06312e-05	9.74303e-09	-1.47926e-06	
4.695	0.566517	0.566446	0.0879862	0.089393	0.652102	0.652156	0.000105585	-0.00134189	-1.70039e-08	1.02123e-05	9.74303e-09	-1.42775e-06	
4.696	0.566517	0.566447	0.0879862	0.0893744	0.652102	0.652155	0.000105585	-0.00131266	-1.70039e-08	9.80144e-06	9.74303e-09	-1.37717e-06	
4.697	0.566517	0.566448	0.0879862	0.089356	0.652102	0.652154	0.000105585	-0.00128341	-1.70039e-08	9.39918e-06	9.74303e-09	-1.32742e-06	
4.698	0.566517	0.566449	0.0879862	0.0893378	0.652102	0.652153	0.000105585	-0.00125435	-1.70039e-08	9.00675e-06	9.74303e-09	-1.27883e-06	
4.699	0.566517	0.56645	0.0879862	0.0893198	0.652102	0.652152	0.000105585	-0.00122523	-1.70039e-08	8.62242e-06	9.74303e-09	-1.23116e-06	
4.7	0.566517	0.566451	0.0879862	0.089302	0.652102	0.652151	0.000105585	-0.00119605	-1.70039e-08	8.24618e-06	9.74303e-09	-1.18413e-06	
4.701	0.566517	0.566452	0.0879862	0.0892845	0.652102	0.65215	0.000105585	-0.00116678	-1.70039e-08	7.87776e-06	9.74303e-09	-1.13786e-06	
4.702	0.566517	0.566453	0.0879862	0.0892672	0.652102	0.652149	0.000105585	-0.00113773	-1.70039e-08	7.51932e-06	9.74303e-09	-1.09262e-06	
4.703	0.566517	0.566454	0.0879862	0.08925	0.652102	0.652148	0.000105585	-0.00110859	-1.70039e-08	7.16884e-06	9.74303e-09	-1.04814e-06	
4.704	0.566517	0.566455	0.0879862	0.089233	0.652102	0.652147	0.000105585	-0.00107968	-1.70039e-08	6.82824e-06	9.74303e-09	-1.00496e-06	
4.705	0.566517	0.566456	0.0879862	0.0892163	0.652102	0.652146	0.000105585	-0.00105068	-1.70039e-08	6.49541e-06	9.74303e-09	-9.6227e-07	
4.706	0.566517	0.566457	0.0879862	0.0891998	0.652102	0.652145	0.000105585	-0.00102163	-1.70039e-08	6.17081e-06	9.74303e-09	-9.20515e-07	
4.707	0.566517	0.566458	0.0879862	0.0891834	0.652102	0.652143	0.000105585	-0.000992448	-1.70039e-08	5.85388e-06	9.74303e-09	-8.79369e-07	
4.708	0.566517	0.566458	0.0879862	0.0891672	0.652102	0.652142	0.000105585	-0.000963544	-1.70039e-08	5.54696e-06	9.74303e-09	-8.39416e-07	
4.709	0.566517	0.566459	0.0879862	0.0891512	0.652102	0.652141	0.000105585	-0.000934557	-1.70039e-08	5.24787e-06	9.74303e-09	-8.0024e-07	
4.71	0.566517	0.56646	0.0879862	0.0891353	0.652102	0.65214	0.000105585	-0.000905662	-1.70039e-08	4.9577e-06	9.74303e-09	-7.62203e-07	
4.711	0.566517	0.566461	0.0879862	0.0891197	0.652102	0.652139	0.000105585	-0.000876872	-1.70039e-08	4.67636e-06	9.74303e-09	-7.24966e-07	
4.712	0.566517	0.566462	0.0879862	0.0891043	0.652102	0.652138	0.000105585	-0.000848046	-1.70039e-08	4.40316e-06	9.74303e-09	-6.88641e-07	
4.713	0.566517	0.566463	0.0879862	0.0890891	0.652102	0.652137	0.000105585	-0.000819282	-1.70039e-08	4.13849e-06	9.74303e-09	-6.53299e-07	
4.714	0.566517	0.566464	0.0879862	0.0890741	0.652102	0.652136	0.000105585	-0.000790622	-1.70039e-08	3.88253e-06	9.74303e-09	-6.18759e-07	
4.715	0.566517	0.566465	0.0879862	0.0890593	0.652102	0.652135	0.000105585	-0.000761972	-1.70039e-08	3.63485e-06	9.74303e-09	-5.85062e-07	
4.716	0.566517	0.566466	0.0879862	0.0890446	0.652102	0.652134	0.000105585	-0.000733292	-1.70039e-08	3.39526e-06	9.74303e-09	-5.52267e-07	
4.717	0.566517	0.566467	0.0879862	0.0890302	0.652102	0.652133	0.000105585	-0.000704583	-1.70039e-08	3.16358e-06	9.74303e-09	-5.20366e-07	
4.718	0.566517	0.566468	0.0879862	0.0890158	0.652102	0.652132	0.000105585	-0.000675884	-1.70039e-08	2.94031e-06	9.74303e-09	-4.893e-07	
4.719	0.566517	0.566469	0.0879862	0.0890017	0.652102	0.652131	0.000105585	-0.000647396	-1.70039e-08	2.72595e-06	9.74303e-09	-4.59275e-07	
4.72	0.566517	0.56647	0.0879862	0.0889878	0.652102	0.65213	0.000105585	-0.000618833	-1.70039e-08	2.51947e-06	9.74303e-09	-4.30017e-07	
4.721	0.566517	0.566471	0.0879862	0.088974	0.652102	0.652129	0.000105585	-0.000590287	-1.70039e-08	2.32108e-06	9.74303e-09	-4.01593e-07	
4.722	0.566517	0.566472	0.0879862	0.0889604	0.652102	0.652128	0.000105585	-0.000561674	-1.70039e-08	2.13051e-06	9.74303e-09	-3.73948e-07	
4.723	0.566517	0.566473	0.0879862	0.088947	0.652102	0.652126	0.000105585	-0.000533319	-1.70039e-08	1.94891e-06	9.74303e-09	-3.47285e-07	
4.724	0.566517	0.566474	0.0879862	0.0889338	0.652102	0.652125	0.000105585	-0.000504897	-1.70039e-08	1.77506e-06	9.74303e-09	-3.21402e-07	
4.725	0.566517	0.566475	0.0879862	0.0889208	0.652102	0.652124	0.000105585	-0.000476687	-1.70039e-08	1.60987e-06	9.74303e-09	-2.96519e-07	
4.726	0.566517	0.566475	0.0879862	0.0889079	0.652102	0.652123	0.000105585	-0.000448502	-1.70039e-08	1.45268e-06	9.74303e-09	-2.72466e-07	
4.727	0.566517	0.566476	0.0879862	0.0888952	0.652102	0.652122	0.000105585	-0.000420257	-1.70039e-08	1.3032e-06	9.74303e-09	-2.49192e-07	
4.728	0.566517	0.566477	0.0879862	0.0888826	0.652102	0.652121	0.000105585	-0.000391991	-1.70039e-08	1.16154e-06	9.74303e-09	-2.26768e-07	
4.729	0.566517	0.566478	0.0879862	0.0888702	0.652102	0.65212	0.000105585	-0.000363991	-1.70039e-08	1.02851e-06	9.74303e-09	-2.05299e-07	
4.73	0.566517	0.566479	0.0879862	0.0888579	0.652102	0.652119	0.000105585	-0.000335976	-1.70039e-08	9.03225e-07	9.74303e-09	-1.84669e-07	
4.731	0.566517	0.56648	0.0879862	0.0888459	0.652102	0.652118	0.000105585	-0.000307857	-1.70039e-08	7.85402e-07	9.74303e-09	-1.64748e-07	
4.732	0.566517	0.566481	0.0879862	0.0888339	0.652102	0.652117	0.000105585	-0.000279816	-1.70039e-08	6.7558e-07	9.74303e-09	-1.45713e-07	
4.733	0.566517	0.566482	0.0879862	0.0888222	0.652102	0.652116	0.000105585	-0.000251677	-1.70039e-08	5.73271e-07	9.74303e-09	-1.27404e-07	
4.734	0.566517	0.566483	0.0879862	0.0888107	0.652102	0.652115	0.000105585	-0.000223804	-1.70039e-08	4.79241e-07	9.74303e-09	-1.10088e-07	
4.735	0.566517	0.566484	0.0879862	0.0887993	0.652102	0.652114	0.000105585	-0.00019588	-1.70039e-08	3.92764e-07	9.74303e-09	-9.3498e-08	
4.736	0.566517	0.566485	0.0879862	0.0887879	0.652102	0.652113	0.000105585	-0.000167942	-1.70039e-08	3.13928e-07	9.74303e-09	-7.77331e-08	
4.737	0.566517	0.566485	0.0879862	0.0887768	0.652102	0.652112	0.000105585	-0.000140004	-1.70039e-08	2.42702e-07	9.74303e-09	-6.27919e-08	
4.738	0.566517	0.566486	0.0879862	0.0887658	0.652102	0.652111	0.000105585	-0.000112387	-1.70039e-08	1.79597e-07	9.74303e-09	-4.88012e-08	
4.739	0.566517	0.566487	0.0879862	0.088755	0.652102	0.65211	0.000105585	-8.47167e-05	-1.70039e-08	1.23921e-07	9.74303e-09	-3.5576e-08	
4.74	0.566517	0.566488	0.0879862	0.0887443	0.652102	0.652109	0.000105585	-5.69948e-05	-1.70039e-08	7.56747e-08	9.74303e-09	-2.31197e-08	
4.741	0.566517	0.566489	0.0879862	0.0887338	0.652102	0.652108	0.000105585	-2.95549e-05	-1.70039e-08	3.52579e-08	9.74303e-09	-1.15654e-08	
4.742	0.566517	0.56649	0.0879862	0.0887236	0.652102	0.652107	0.000105585	-2.11564e-06	-1.70039e-08	2.23898e-09	9.74303e-09	-7.97806e-10	
4.743	0.566517	0.566491	0.0879862	0.0887133	0.652102	0.652106	0.000105585	2.53758e-05	-1.70039e-08	-2.34471e-08	9.74303e-09	9.20808e-09	
4.744	0.566517	0.566492	0.0879862	0.0887032	0.652102	0.652105	0.000105585	5.28643e-05	-1.70039e-08	-4.17591e-08	9.74303e-09	1.84238e-08	
4.745	0.566517	0.566493	0.0879862	0.0886933	0.652102	0.652104	0.000105585	8.00732e-05	-1.70039e-08	-5.25457e-08	9.74303e-09	2.67731e-08	
4.746	0.566517	0.566493	0.0879862	0.0886834	0.652102	0.652103	0.000105585	0.000107327	-1.70039e-08	-5.61181e-08	9.74303e-09	3.43653e-08	
4.747	0.566517	0.566494	0.0879862	0.0886737	0.652102	0.652102	0.000105585	0.000134569	-1.70039e-08	-5.24338e-08	9.74303e-09	4.11652e-08	
