0.18	0.08
0.179568	0.0785636
0.17807	0.0786418
0.176861	0.0777534
0.177076	0.0762689
0.177741	0.0749241
0.177205	0.0735231
0.17577	0.0730867
0.174836	0.0719131
0.173336	0.0719457
0.171838	0.0718648
0.170925	0.0706745
0.169974	0.0695153
0.168567	0.0689939
0.167248	0.0682795
0.165749	0.0682245
0.164249	0.0682552
0.16368	0.0668674
0.162451	0.0660074
0.161113	0.0653303
0.159744	0.0647175
0.158386	0.0640795
0.157602	0.0628006
0.156326	0.0635891
0.154829	0.0634946
0.153364	0.0631728
0.152584	0.0618915
0.152524	0.0603927
0.151025	0.0603981
0.149546	0.0606491
0.148062	0.0608692
0.146809	0.0600438
0.146342	0.0586185
0.146049	0.0571474
0.144575	0.0574279
0.143134	0.0570136
0.14194	0.0561044
0.140483	0.0557494
0.139235	0.054917
0.138111	0.053924
0.136705	0.0534023
0.135228	0.0531374
0.133744	0.0533537
0.132359	0.0527777
0.13086	0.0527152
0.129481	0.0521262
0.128026	0.0524913
0.126924	0.0514736
0.12571	0.0505927
0.124359	0.04994
0.122945	0.0494398
0.1215	0.0490369
0.120053	0.0494331
0.119255	0.0481629
0.119677	0.0467233
0.119115	0.0453325
0.117615	0.0453588
0.11614	0.0456286
0.114694	0.0452294
0.113304	0.0446653
0.112043	0.0438533
0.1106	0.043442
0.109544	0.0423763
0.108075	0.0426768
0.106766	0.0419439
0.105283	0.0421673
0.104117	0.0412239
0.103132	0.0423552
0.101635	0.0424612
0.100145	0.0422918
0.098838	0.0415558
0.0974285	0.0410426
0.0959879	0.0406245
0.0944881	0.04065
0.0931779	0.0399197
0.0916793	0.0398555
0.0902359	0.0394471
0.0888681	0.0400628
0.0873696	0.0401305
0.0860014	0.0395158
0.0845678	0.0399573
0.0835377	0.038867
0.0820624	0.0391381
0.0805719	0.0389693
0.0791017	0.0392671
0.0776948	0.0397872
0.076412	0.0390098
0.0749533	0.0393597
0.0735204	0.0389164
0.0720221	0.0389894
0.0706738	0.0383321
0.0692004	0.038051
0.0677087	0.0382091
0.0662389	0.0385083
0.064743	0.0383963
0.0632481	0.0385188
0.0618177	0.0389704
0.0603234	0.0391013
0.0589356	0.0385319
0.0575814	0.037887
0.0561546	0.03835
0.0546626	0.0381953
0.0536362	0.0371014
0.0521969	0.0366792
0.0522435	0.0351799
0.052028	0.0336955
0.0508553	0.0327601
0.0497712	0.0317234
0.0487957	0.030584
0.0482775	0.0291763
0.0471593	0.0281765
0.0470353	0.0266816
0.0458085	0.0258186
0.0445693	0.0249733
0.0442043	0.0235184
0.0428653	0.0228425
0.0415033	0.022214
0.0400092	0.0223473
0.0388045	0.0214536
0.0373154	0.0216341
0.035939	0.021038
0.0353064	0.0196779
0.0338702	0.0201108
0.0328592	0.0190027
0.0315258	0.0196897
0.0301243	0.0202242
0.0289285	0.0211297
0.0275456	0.0217109
0.0260457	0.0216934
0.025359	0.0203599
0.0239341	0.0198911
0.0224686	0.0202108
0.0210315	0.0206407
0.0197693	0.0198303
0.018412	0.0191916
0.0171758	0.0183421
0.0158034	0.0177368
0.0144535	0.0170827
0.0139814	0.0156589
0.0124866	0.015784
0.0110483	0.01621
0.0100225	0.0173044
0.00877024	0.01813
0.00727026	0.0181239
0.00596999	0.017376
0.00464113	0.0166802
0.00314366	0.0167673
0.00196549	0.0158389
0.000886973	0.0147964
-0.000601129	0.014985
-0.00189277	0.0142223
-0.00338612	0.0140812
-0.00487532	0.0139015
-0.00613502	0.0130872
-0.00633259	0.0116003
-0.00664409	0.010133
-0.00813929	0.010013
-0.00959312	0.0103823
-0.0110874	0.0102513
-0.01244	0.00960287
-0.0137806	0.00892991
-0.0151273	0.0095904
-0.0165451	0.0100803
-0.0179248	0.0106688
-0.019376	0.0110482
-0.020799	0.0105738
-0.0222685	0.0108749
-0.0234834	0.00999511
-0.0246538	0.00905692
-0.0259551	0.0083109
-0.0273223	0.00892804
-0.0287112	0.00836146
-0.0300787	0.00774497
-0.0311486	0.00669363
-0.0319115	0.00540217
-0.0333776	0.00508518
-0.0347169	0.00576068
-0.0358012	0.00679719
-0.037254	0.00717072
-0.0385756	0.00646128
-0.0400697	0.00659352
-0.0409641	0.00779774
-0.0419079	0.00896359
-0.0433927	0.00875049
-0.0442799	0.00754101
-0.0457085	0.00799827
-0.0469898	0.00721828
-0.0482442	0.00639576
-0.0495276	0.0056194
-0.0505709	0.00669719
-0.0520643	0.00683707
-0.0533886	0.00754156
-0.0548556	0.0072287
-0.0561587	0.00797171
-0.0576248	0.00765477
-0.0591032	0.00740134
-0.0604264	0.00669477
-0.061761	0.00601
-0.062974	0.00512762
-0.0642036	0.00426849
-0.0656327	0.00381277
-0.0666171	0.00268099
-0.0677965	0.00175413
-0.0691389	0.00108498
-0.0704196	0.00186601
-0.0719194	0.00184272
-0.0727558	0.000597548
-0.0739549	-0.000303627
-0.0752227	-0.00110533
-0.076389	-0.00204851
-0.0768697	-0.00346941
-0.0780747	-0.00436274
-0.0795354	-0.00470385
-0.0806366	-0.00572237
-0.0812912	-0.00707198
-0.0824977	-0.00796332
-0.083822	-0.00866772
-0.0852181	-0.00811931
-0.0866608	-0.00853018
-0.0880222	-0.00790045
-0.089522	-0.00787976
-0.0910051	-0.00810467
-0.0924986	-0.00796595
-0.0927167	-0.00945001
-0.0934999	-0.0107293
-0.0946708	-0.0116669
-0.0958935	-0.0125358
-0.0970636	-0.0134743
-0.0975297	-0.0149001
-0.0987092	-0.0158268
-0.0997906	-0.0168663
-0.100509	-0.0181829
-0.101693	-0.0191037
-0.102204	-0.0205141
-0.103042	-0.0217579
-0.10422	-0.0226868
-0.105251	-0.0237769
-0.106683	-0.0242219
-0.107877	-0.0251302
-0.108666	-0.0264056
-0.109636	-0.0275505
-0.110943	-0.0282851
-0.11217	-0.0291486
-0.112931	-0.0304411
-0.114241	-0.0297098
-0.115432	-0.0306211
-0.116926	-0.0307623
-0.118019	-0.0317894
-0.119211	-0.0308795
-0.120555	-0.0315465
-0.122031	-0.0318139
-0.123064	-0.0329012
-0.12422	-0.0338573
-0.125719	-0.0339207
-0.126883	-0.0348669
-0.127992	-0.0358771
-0.129413	-0.0353969
-0.130564	-0.0363585
-0.131688	-0.0373512
-0.133178	-0.0371749
-0.134662	-0.0369586
-0.13575	-0.0379914
-0.136867	-0.0389922
-0.137533	-0.0403365
-0.138629	-0.0413603
-0.140076	-0.0409657
-0.141542	-0.0412863
-0.142964	-0.0408111
-0.143995	-0.0419013
-0.145348	-0.0425474
-0.146786	-0.042976
-0.148286	-0.042964
-0.14905	-0.0442549
-0.150032	-0.0453888
-0.150597	-0.0467782
-0.150585	-0.0482782
-0.151256	-0.0496201
-0.152287	-0.0507097
-0.153274	-0.051839
-0.153499	-0.053322
-0.154556	-0.0543862
-0.155613	-0.0554504
-0.155321	-0.0569215
-0.156416	-0.0579461
-0.157512	-0.0589706
-0.158755	-0.0598104
-0.160082	-0.0605096
-0.161211	-0.0614969
-0.161383	-0.062987
-0.162491	-0.0639989
-0.163598	-0.0650108
-0.164452	-0.0662441
-0.16586	-0.0667609
-0.165544	-0.0682274
-0.166708	-0.0691746
-0.167871	-0.0701218
-0.169034	-0.071069
-0.170345	-0.0717973
-0.171488	-0.0727685
-0.172631	-0.0737397
-0.174075	-0.074146
-0.175142	-0.0752002
-0.176209	-0.0762545
-0.177276	-0.0773088
-0.178776	-0.0772784
-0.179638	-0.0785063
-0.179365	-0.0799814
